-5.00000000e+01  6.49428492e-01 -5.00000000e+01  6.49428508e-01 
-4.90000000e+01  6.49416728e-01 -4.90000000e+01  6.49416745e-01 
-4.80000000e+01  6.49499585e-01 -4.80000000e+01  6.49499604e-01 
-4.70000000e+01  6.49535089e-01 -4.70000000e+01  6.49535109e-01 
-4.60000000e+01  6.49569284e-01 -4.60000000e+01  6.49569306e-01 
-4.50000000e+01  6.49602467e-01 -4.50000000e+01  6.49602490e-01 
-4.40000000e+01  6.49634855e-01 -4.40000000e+01  6.49634880e-01 
-4.30000000e+01  6.49666454e-01 -4.30000000e+01  6.49666481e-01 
-4.20000000e+01  6.49697271e-01 -4.20000000e+01  6.49697300e-01 
-4.10000000e+01  6.49727312e-01 -4.10000000e+01  6.49727342e-01 
-4.00000000e+01  6.49756581e-01 -4.00000000e+01  6.49756614e-01 
-3.90000000e+01  6.49785086e-01 -3.90000000e+01  6.49785121e-01 
-3.80000000e+01  6.49812832e-01 -3.80000000e+01  6.49812869e-01 
-3.70000000e+01  6.49839826e-01 -3.70000000e+01  6.49839864e-01 
-3.60000000e+01  6.49866072e-01 -3.60000000e+01  6.49866113e-01 
-3.50000000e+01  6.49891577e-01 -3.50000000e+01  6.49891620e-01 
-3.40000000e+01  6.49916347e-01 -3.40000000e+01  6.49916393e-01 
-3.30000000e+01  6.49940388e-01 -3.30000000e+01  6.49940436e-01 
-3.20000000e+01  6.49963706e-01 -3.20000000e+01  6.49963756e-01 
-3.10000000e+01  6.49986306e-01 -3.10000000e+01  6.49986359e-01 
-3.00000000e+01  6.50008194e-01 -3.00000000e+01  6.50008250e-01 
-2.90000000e+01  6.50029377e-01 -2.90000000e+01  6.50029436e-01 
-2.80000000e+01  6.50049861e-01 -2.80000000e+01  6.50049923e-01 
-2.70000000e+01  6.50069650e-01 -2.70000000e+01  6.50069715e-01 
-2.60000000e+01  6.50088752e-01 -2.60000000e+01  6.50088821e-01 
-2.50000000e+01  6.50107172e-01 -2.50000000e+01  6.50107244e-01 
-2.40000000e+01  6.50124916e-01 -2.40000000e+01  6.50124991e-01 
-2.30000000e+01  6.50141991e-01 -2.30000000e+01  6.50142069e-01 
-2.20000000e+01  6.50158401e-01 -2.20000000e+01  6.50158483e-01 
-2.10000000e+01  6.50174153e-01 -2.10000000e+01  6.50174239e-01 
-2.00000000e+01  6.50189254e-01 -2.00000000e+01  6.50189343e-01 
-1.90000000e+01  6.50203709e-01 -1.90000000e+01  6.50203802e-01 
-1.80000000e+01  6.50217523e-01 -1.80000000e+01  6.50217621e-01 
-1.70000000e+01  6.50230704e-01 -1.70000000e+01  6.50230806e-01 
-1.60000000e+01  6.50243258e-01 -1.60000000e+01  6.50243363e-01 
-1.50000000e+01  6.50255189e-01 -1.50000000e+01  6.50255299e-01 
-1.40000000e+01  6.50266505e-01 -1.40000000e+01  6.50266619e-01 
-1.30000000e+01  6.50277212e-01 -1.30000000e+01  6.50277330e-01 
-1.20000000e+01  6.50287316e-01 -1.20000000e+01  6.50287439e-01 
-1.10000000e+01  6.50296823e-01 -1.10000000e+01  6.50296950e-01 
-1.00000000e+01  6.50305739e-01 -1.00000000e+01  6.50305870e-01 
-9.00000000e+00  6.50314070e-01 -9.00000000e+00  6.50314206e-01 
-8.00000000e+00  6.50321823e-01 -8.00000000e+00  6.50321964e-01 
-7.00000000e+00  6.50329005e-01 -7.00000000e+00  6.50329151e-01 
-6.00000000e+00  6.50335621e-01 -6.00000000e+00  6.50335772e-01 
-5.00000000e+00  6.50341678e-01 -5.00000000e+00  6.50341834e-01 
-4.00000000e+00  6.50347183e-01 -4.00000000e+00  6.50347343e-01 
-3.00000000e+00  6.50352142e-01 -3.00000000e+00  6.50352306e-01 
-2.00000000e+00  6.50356561e-01 -2.00000000e+00  6.50356730e-01 
-1.00000000e+00  6.50360447e-01 -1.00000000e+00  6.50360621e-01 
 0.00000000e+00  6.50363807e-01  0.00000000e+00  6.50363986e-01 
 1.00000000e+00  6.50366647e-01  1.00000000e+00  6.50366831e-01 
 2.00000000e+00  6.50368974e-01  2.00000000e+00  6.50369163e-01 
 3.00000000e+00  6.50370796e-01  3.00000000e+00  6.50370989e-01 
 4.00000000e+00  6.50372118e-01  4.00000000e+00  6.50372316e-01 
 5.00000000e+00  6.50372949e-01  5.00000000e+00  6.50373151e-01 
 6.00000000e+00  6.50373294e-01  6.00000000e+00  6.50373500e-01 
 7.00000000e+00  6.50373161e-01  7.00000000e+00  6.50373371e-01 
 8.00000000e+00  6.50372556e-01  8.00000000e+00  6.50372771e-01 
 9.00000000e+00  6.50371489e-01  9.00000000e+00  6.50371707e-01 
 1.00000000e+01  6.50369965e-01  1.00000000e+01  6.50370187e-01 
 1.10000000e+01  6.50367991e-01  1.10000000e+01  6.50368217e-01 
 1.20000000e+01  6.50365576e-01  1.20000000e+01  6.50365806e-01 
 1.30000000e+01  6.50362728e-01  1.30000000e+01  6.50362960e-01 
 1.40000000e+01  6.50359452e-01  1.40000000e+01  6.50359687e-01 
 1.50000000e+01  6.50355758e-01  1.50000000e+01  6.50355996e-01 
 1.60000000e+01  6.50351654e-01  1.60000000e+01  6.50351894e-01 
 1.70000000e+01  6.50347146e-01  1.70000000e+01  6.50347388e-01 
 1.80000000e+01  6.50342244e-01  1.80000000e+01  6.50342487e-01 
 1.90000000e+01  6.50336955e-01  1.90000000e+01  6.50337199e-01 
 2.00000000e+01  6.50331288e-01  2.00000000e+01  6.50331533e-01 
 2.10000000e+01  6.50325250e-01  2.10000000e+01  6.50325496e-01 
 2.20000000e+01  6.50318852e-01  2.20000000e+01  6.50319097e-01 
 2.30000000e+01  6.50312100e-01  2.30000000e+01  6.50312345e-01 
 2.40000000e+01  6.50305005e-01  2.40000000e+01  6.50305248e-01 
 2.50000000e+01  6.50297574e-01  2.50000000e+01  6.50297816e-01 
 2.60000000e+01  6.50289817e-01  2.60000000e+01  6.50290057e-01 
 2.70000000e+01  6.50281744e-01  2.70000000e+01  6.50281981e-01 
 2.80000000e+01  6.50273363e-01  2.80000000e+01  6.50273596e-01 
 2.90000000e+01  6.50264685e-01  2.90000000e+01  6.50264913e-01 
 3.00000000e+01  6.50255718e-01  3.00000000e+01  6.50255941e-01 
 3.10000000e+01  6.50246473e-01  3.10000000e+01  6.50246690e-01 
 3.20000000e+01  6.50236959e-01  3.20000000e+01  6.50237170e-01 
 3.30000000e+01  6.50227188e-01  3.30000000e+01  6.50227391e-01 
 3.40000000e+01  6.50217168e-01  3.40000000e+01  6.50217363e-01 
 3.50000000e+01  6.50206912e-01  3.50000000e+01  6.50207097e-01 
 3.60000000e+01  6.50196429e-01  3.60000000e+01  6.50196603e-01 
 3.70000000e+01  6.50185731e-01  3.70000000e+01  6.50185894e-01 
 3.80000000e+01  6.50174828e-01  3.80000000e+01  6.50174979e-01 
 3.90000000e+01  6.50163733e-01  3.90000000e+01  6.50163870e-01 
 4.00000000e+01  6.50152456e-01  4.00000000e+01  6.50152578e-01 
 4.10000000e+01  6.50141010e-01  4.10000000e+01  6.50141116e-01 
 4.20000000e+01  6.50129407e-01  4.20000000e+01  6.50129495e-01 
 4.30000000e+01  6.50117658e-01  4.30000000e+01  6.50117727e-01 
 4.40000000e+01  6.50105777e-01  4.40000000e+01  6.50105826e-01 
 4.50000000e+01  6.50093775e-01  4.50000000e+01  6.50093803e-01 
 4.60000000e+01  6.50081667e-01  4.60000000e+01  6.50081671e-01 
 4.70000000e+01  6.50069464e-01  4.70000000e+01  6.50069444e-01 
 4.80000000e+01  6.50057181e-01  4.80000000e+01  6.50057134e-01 
 4.90000000e+01  6.50044831e-01  4.90000000e+01  6.50044756e-01 
 5.00000000e+01  6.50032428e-01  5.00000000e+01  6.50032324e-01 
 5.10000000e+01  6.50019986e-01  5.10000000e+01  6.50019850e-01 
 5.20000000e+01  6.50007520e-01  5.20000000e+01  6.50007350e-01 
 5.30000000e+01  6.49995043e-01  5.30000000e+01  6.49994838e-01 
 5.40000000e+01  6.49982571e-01  5.40000000e+01  6.49982329e-01 
 5.50000000e+01  6.49970119e-01  5.50000000e+01  6.49969838e-01 
 5.60000000e+01  6.49957701e-01  5.60000000e+01  6.49957379e-01 
 5.70000000e+01  6.49945334e-01  5.70000000e+01  6.49944968e-01 
 5.80000000e+01  6.49933033e-01  5.80000000e+01  6.49932621e-01 
 5.90000000e+01  6.49920814e-01  5.90000000e+01  6.49920354e-01 
 6.00000000e+01  6.49908692e-01  6.00000000e+01  6.49908182e-01 
 6.10000000e+01  6.49896684e-01  6.10000000e+01  6.49896122e-01 
 6.20000000e+01  6.49884807e-01  6.20000000e+01  6.49884189e-01 
 6.30000000e+01  6.49873076e-01  6.30000000e+01  6.49872400e-01 
 6.40000000e+01  6.49861509e-01  6.40000000e+01  6.49860773e-01 
 6.50000000e+01  6.49850121e-01  6.50000000e+01  6.49849322e-01 
 6.60000000e+01  6.49838931e-01  6.60000000e+01  6.49838066e-01 
 6.70000000e+01  6.49827954e-01  6.70000000e+01  6.49827021e-01 
 6.80000000e+01  6.49817209e-01  6.80000000e+01  6.49816204e-01 
 6.90000000e+01  6.49806711e-01  6.90000000e+01  6.49805631e-01 
 7.00000000e+01  6.49796478e-01  7.00000000e+01  6.49795321e-01 
 7.10000000e+01  6.49786527e-01  7.10000000e+01  6.49785290e-01 
 7.20000000e+01  6.49776875e-01  7.20000000e+01  6.49775554e-01 
 7.30000000e+01  6.49767540e-01  7.30000000e+01  6.49766132e-01 
 7.40000000e+01  6.49758538e-01  7.40000000e+01  6.49757040e-01 
 7.50000000e+01  6.49749886e-01  7.50000000e+01  6.49748294e-01 
 7.60000000e+01  6.49741601e-01  7.60000000e+01  6.49739913e-01 
 7.70000000e+01  6.49733700e-01  7.70000000e+01  6.49731911e-01 
 7.80000000e+01  6.49726200e-01  7.80000000e+01  6.49724307e-01 
 7.90000000e+01  6.49719118e-01  7.90000000e+01  6.49717117e-01 
 8.00000000e+01  6.49712468e-01  8.00000000e+01  6.49710357e-01 
 8.10000000e+01  6.49706269e-01  8.10000000e+01  6.49704043e-01 
 8.20000000e+01  6.49700536e-01  8.20000000e+01  6.49698191e-01 
 8.30000000e+01  6.49695285e-01  8.30000000e+01  6.49692817e-01 
 8.40000000e+01  6.49690532e-01  8.40000000e+01  6.49687937e-01 
 8.50000000e+01  6.49686292e-01  8.50000000e+01  6.49683566e-01 
 8.60000000e+01  6.49682580e-01  8.60000000e+01  6.49679720e-01 
 8.70000000e+01  6.49679412e-01  8.70000000e+01  6.49676413e-01 
 8.80000000e+01  6.49676803e-01  8.80000000e+01  6.49673661e-01 
 8.90000000e+01  6.49674766e-01  8.90000000e+01  6.49671477e-01 
 9.00000000e+01  6.49673317e-01  9.00000000e+01  6.49669877e-01 
 9.10000000e+01  6.49672470e-01  9.10000000e+01  6.49668874e-01 
 9.20000000e+01  6.49672238e-01  9.20000000e+01  6.49668482e-01 
 9.30000000e+01  6.49672635e-01  9.30000000e+01  6.49668715e-01 
 9.40000000e+01  6.49673675e-01  9.40000000e+01  6.49669586e-01 
 9.50000000e+01  6.49675371e-01  9.50000000e+01  6.49671108e-01 
 9.60000000e+01  6.49677736e-01  9.60000000e+01  6.49673294e-01 
 9.70000000e+01  6.49680782e-01  9.70000000e+01  6.49676158e-01 
 9.80000000e+01  6.49684522e-01  9.80000000e+01  6.49679711e-01 
 9.90000000e+01  6.49688968e-01  9.90000000e+01  6.49683966e-01 
 1.00000000e+02  6.49694134e-01  1.00000000e+02  6.49688934e-01 
 1.01000000e+02  6.49700029e-01  1.01000000e+02  6.49694629e-01 
 1.02000000e+02  6.49706667e-01  1.02000000e+02  6.49701061e-01 
 1.03000000e+02  6.49714059e-01  1.03000000e+02  6.49708242e-01 
 1.04000000e+02  6.49722216e-01  1.04000000e+02  6.49716183e-01 
 1.05000000e+02  6.49731149e-01  1.05000000e+02  6.49724896e-01 
 1.06000000e+02  6.49740870e-01  1.06000000e+02  6.49734392e-01 
 1.07000000e+02  6.49751390e-01  1.07000000e+02  6.49744682e-01 
 1.08000000e+02  6.49762719e-01  1.08000000e+02  6.49755777e-01 
 1.09000000e+02  6.49774868e-01  1.09000000e+02  6.49767686e-01 
 1.10000000e+02  6.49787848e-01  1.10000000e+02  6.49780422e-01 
 1.11000000e+02  6.49801670e-01  1.11000000e+02  6.49793995e-01 
 1.12000000e+02  6.49816343e-01  1.12000000e+02  6.49808414e-01 
 1.13000000e+02  6.49831878e-01  1.13000000e+02  6.49823691e-01 
 1.14000000e+02  6.49848286e-01  1.14000000e+02  6.49839836e-01 
 1.15000000e+02  6.49865576e-01  1.15000000e+02  6.49856858e-01 
 1.16000000e+02  6.49883759e-01  1.16000000e+02  6.49874770e-01 
 1.17000000e+02  6.49902846e-01  1.17000000e+02  6.49893579e-01 
 1.18000000e+02  6.49922845e-01  1.18000000e+02  6.49913298e-01 
 1.19000000e+02  6.49943768e-01  1.19000000e+02  6.49933935e-01 
 1.20000000e+02  6.49965624e-01  1.20000000e+02  6.49955501e-01 
 1.21000000e+02  6.49988424e-01  1.21000000e+02  6.49978007e-01 
 1.22000000e+02  6.50012177e-01  1.22000000e+02  6.50001462e-01 
 1.23000000e+02  6.50036894e-01  1.23000000e+02  6.50025877e-01 
 1.24000000e+02  6.50062585e-01  1.24000000e+02  6.50051262e-01 
 1.25000000e+02  6.50089260e-01  1.25000000e+02  6.50077627e-01 
 1.26000000e+02  6.50116928e-01  1.26000000e+02  6.50104982e-01 
 1.27000000e+02  6.50145601e-01  1.27000000e+02  6.50133338e-01 
 1.28000000e+02  6.50175288e-01  1.28000000e+02  6.50162705e-01 
 1.29000000e+02  6.50206000e-01  1.29000000e+02  6.50193093e-01 
 1.30000000e+02  6.50237746e-01  1.30000000e+02  6.50224514e-01 
 1.31000000e+02  6.50270538e-01  1.31000000e+02  6.50256977e-01 
 1.32000000e+02  6.50304385e-01  1.32000000e+02  6.50290492e-01 
 1.33000000e+02  6.50339298e-01  1.33000000e+02  6.50325072e-01 
 1.34000000e+02  6.50375288e-01  1.34000000e+02  6.50360726e-01 
 1.35000000e+02  6.50412364e-01  1.35000000e+02  6.50397465e-01 
 1.36000000e+02  6.50450537e-01  1.36000000e+02  6.50435300e-01 
 1.37000000e+02  6.50489819e-01  1.37000000e+02  6.50474242e-01 
 1.38000000e+02  6.50530219e-01  1.38000000e+02  6.50514301e-01 
 1.39000000e+02  6.50571748e-01  1.39000000e+02  6.50555490e-01 
 1.40000000e+02  6.50614417e-01  1.40000000e+02  6.50597819e-01 
 1.41000000e+02  6.50658237e-01  1.41000000e+02  6.50641299e-01 
 1.42000000e+02  6.50703219e-01  1.42000000e+02  6.50685942e-01 
 1.43000000e+02  6.50749373e-01  1.43000000e+02  6.50731759e-01 
 1.44000000e+02  6.50796711e-01  1.44000000e+02  6.50778761e-01 
 1.45000000e+02  6.50845243e-01  1.45000000e+02  6.50826961e-01 
 1.46000000e+02  6.50894980e-01  1.46000000e+02  6.50876369e-01 
 1.47000000e+02  6.50945935e-01  1.47000000e+02  6.50926999e-01 
 1.48000000e+02  6.50998116e-01  1.48000000e+02  6.50978860e-01 
 1.49000000e+02  6.51051537e-01  1.49000000e+02  6.51031966e-01 
 1.50000000e+02  6.51106208e-01  1.50000000e+02  6.51086328e-01 
