-5.00000000e+01  6.50436251e-01 -5.00000000e+01  6.50436251e-01 
-4.90000000e+01  6.50424341e-01 -4.90000000e+01  6.50424341e-01 
-4.80000000e+01  6.50506002e-01 -4.80000000e+01  6.50506002e-01 
-4.70000000e+01  6.50540806e-01 -4.70000000e+01  6.50540806e-01 
-4.60000000e+01  6.50574299e-01 -4.60000000e+01  6.50574299e-01 
-4.50000000e+01  6.50606769e-01 -4.50000000e+01  6.50606769e-01 
-4.40000000e+01  6.50638435e-01 -4.40000000e+01  6.50638435e-01 
-4.30000000e+01  6.50669303e-01 -4.30000000e+01  6.50669303e-01 
-4.20000000e+01  6.50699379e-01 -4.20000000e+01  6.50699379e-01 
-4.10000000e+01  6.50728668e-01 -4.10000000e+01  6.50728669e-01 
-4.00000000e+01  6.50757178e-01 -4.00000000e+01  6.50757179e-01 
-3.90000000e+01  6.50784914e-01 -3.90000000e+01  6.50784916e-01 
-3.80000000e+01  6.50811883e-01 -3.80000000e+01  6.50811885e-01 
-3.70000000e+01  6.50838090e-01 -3.70000000e+01  6.50838093e-01 
-3.60000000e+01  6.50863542e-01 -3.60000000e+01  6.50863546e-01 
-3.50000000e+01  6.50888244e-01 -3.50000000e+01  6.50888250e-01 
-3.40000000e+01  6.50912204e-01 -3.40000000e+01  6.50912210e-01 
-3.30000000e+01  6.50935425e-01 -3.30000000e+01  6.50935433e-01 
-3.20000000e+01  6.50957916e-01 -3.20000000e+01  6.50957924e-01 
-3.10000000e+01  6.50979681e-01 -3.10000000e+01  6.50979690e-01 
-3.00000000e+01  6.51000726e-01 -3.00000000e+01  6.51000737e-01 
-2.90000000e+01  6.51021058e-01 -2.90000000e+01  6.51021070e-01 
-2.80000000e+01  6.51040681e-01 -2.80000000e+01  6.51040694e-01 
-2.70000000e+01  6.51059603e-01 -2.70000000e+01  6.51059617e-01 
-2.60000000e+01  6.51077828e-01 -2.60000000e+01  6.51077844e-01 
-2.50000000e+01  6.51095364e-01 -2.50000000e+01  6.51095380e-01 
-2.40000000e+01  6.51112214e-01 -2.40000000e+01  6.51112233e-01 
-2.30000000e+01  6.51128387e-01 -2.30000000e+01  6.51128406e-01 
-2.20000000e+01  6.51143887e-01 -2.20000000e+01  6.51143908e-01 
-2.10000000e+01  6.51158720e-01 -2.10000000e+01  6.51158742e-01 
-2.00000000e+01  6.51172892e-01 -2.00000000e+01  6.51172916e-01 
-1.90000000e+01  6.51186409e-01 -1.90000000e+01  6.51186434e-01 
-1.80000000e+01  6.51199277e-01 -1.80000000e+01  6.51199304e-01 
-1.70000000e+01  6.51211502e-01 -1.70000000e+01  6.51211531e-01 
-1.60000000e+01  6.51223090e-01 -1.60000000e+01  6.51223120e-01 
-1.50000000e+01  6.51234046e-01 -1.50000000e+01  6.51234079e-01 
-1.40000000e+01  6.51244377e-01 -1.40000000e+01  6.51244412e-01 
-1.30000000e+01  6.51254089e-01 -1.30000000e+01  6.51254126e-01 
-1.20000000e+01  6.51263188e-01 -1.20000000e+01  6.51263226e-01 
-1.10000000e+01  6.51271679e-01 -1.10000000e+01  6.51271720e-01 
-1.00000000e+01  6.51279568e-01 -1.00000000e+01  6.51279611e-01 
-9.00000000e+00  6.51286863e-01 -9.00000000e+00  6.51286908e-01 
-8.00000000e+00  6.51293568e-01 -8.00000000e+00  6.51293616e-01 
-7.00000000e+00  6.51299690e-01 -7.00000000e+00  6.51299741e-01 
-6.00000000e+00  6.51305235e-01 -6.00000000e+00  6.51305288e-01 
-5.00000000e+00  6.51310209e-01 -5.00000000e+00  6.51310265e-01 
-4.00000000e+00  6.51314619e-01 -4.00000000e+00  6.51314678e-01 
-3.00000000e+00  6.51318470e-01 -3.00000000e+00  6.51318532e-01 
-2.00000000e+00  6.51321769e-01 -2.00000000e+00  6.51321834e-01 
-1.00000000e+00  6.51324523e-01 -1.00000000e+00  6.51324591e-01 
 0.00000000e+00  6.51326737e-01  0.00000000e+00  6.51326809e-01 
 1.00000000e+00  6.51328418e-01  1.00000000e+00  6.51328493e-01 
 2.00000000e+00  6.51329572e-01  2.00000000e+00  6.51329652e-01 
 3.00000000e+00  6.51330207e-01  3.00000000e+00  6.51330290e-01 
 4.00000000e+00  6.51330328e-01  4.00000000e+00  6.51330415e-01 
 5.00000000e+00  6.51329943e-01  5.00000000e+00  6.51330034e-01 
 6.00000000e+00  6.51329058e-01  6.00000000e+00  6.51329153e-01 
 7.00000000e+00  6.51327679e-01  7.00000000e+00  6.51327778e-01 
 8.00000000e+00  6.51325814e-01  8.00000000e+00  6.51325918e-01 
 9.00000000e+00  6.51323469e-01  9.00000000e+00  6.51323578e-01 
 1.00000000e+01  6.51320652e-01  1.00000000e+01  6.51320766e-01 
 1.10000000e+01  6.51317370e-01  1.10000000e+01  6.51317488e-01 
 1.20000000e+01  6.51313630e-01  1.20000000e+01  6.51313753e-01 
 1.30000000e+01  6.51309438e-01  1.30000000e+01  6.51309566e-01 
 1.40000000e+01  6.51304803e-01  1.40000000e+01  6.51304936e-01 
 1.50000000e+01  6.51299732e-01  1.50000000e+01  6.51299871e-01 
 1.60000000e+01  6.51294232e-01  1.60000000e+01  6.51294376e-01 
 1.70000000e+01  6.51288311e-01  1.70000000e+01  6.51288461e-01 
 1.80000000e+01  6.51281977e-01  1.80000000e+01  6.51282133e-01 
 1.90000000e+01  6.51275237e-01  1.90000000e+01  6.51275400e-01 
 2.00000000e+01  6.51268101e-01  2.00000000e+01  6.51268270e-01 
 2.10000000e+01  6.51260575e-01  2.10000000e+01  6.51260750e-01 
 2.20000000e+01  6.51252668e-01  2.20000000e+01  6.51252850e-01 
 2.30000000e+01  6.51244389e-01  2.30000000e+01  6.51244578e-01 
 2.40000000e+01  6.51235746e-01  2.40000000e+01  6.51235942e-01 
 2.50000000e+01  6.51226748e-01  2.50000000e+01  6.51226950e-01 
 2.60000000e+01  6.51217403e-01  2.60000000e+01  6.51217613e-01 
 2.70000000e+01  6.51207721e-01  2.70000000e+01  6.51207938e-01 
 2.80000000e+01  6.51197711e-01  2.80000000e+01  6.51197936e-01 
 2.90000000e+01  6.51187382e-01  2.90000000e+01  6.51187614e-01 
 3.00000000e+01  6.51176744e-01  3.00000000e+01  6.51176984e-01 
 3.10000000e+01  6.51165805e-01  3.10000000e+01  6.51166053e-01 
 3.20000000e+01  6.51154577e-01  3.20000000e+01  6.51154834e-01 
 3.30000000e+01  6.51143070e-01  3.30000000e+01  6.51143334e-01 
 3.40000000e+01  6.51131292e-01  3.40000000e+01  6.51131565e-01 
 3.50000000e+01  6.51119256e-01  3.50000000e+01  6.51119538e-01 
 3.60000000e+01  6.51106972e-01  3.60000000e+01  6.51107262e-01 
 3.70000000e+01  6.51094450e-01  3.70000000e+01  6.51094749e-01 
 3.80000000e+01  6.51081701e-01  3.80000000e+01  6.51082009e-01 
 3.90000000e+01  6.51068737e-01  3.90000000e+01  6.51069055e-01 
 4.00000000e+01  6.51055570e-01  4.00000000e+01  6.51055897e-01 
 4.10000000e+01  6.51042211e-01  4.10000000e+01  6.51042547e-01 
 4.20000000e+01  6.51028672e-01  4.20000000e+01  6.51029018e-01 
 4.30000000e+01  6.51014965e-01  4.30000000e+01  6.51015320e-01 
 4.40000000e+01  6.51001103e-01  4.40000000e+01  6.51001468e-01 
 4.50000000e+01  6.50987099e-01  4.50000000e+01  6.50987473e-01 
 4.60000000e+01  6.50972964e-01  4.60000000e+01  6.50973349e-01 
 4.70000000e+01  6.50958713e-01  4.70000000e+01  6.50959108e-01 
 4.80000000e+01  6.50944358e-01  4.80000000e+01  6.50944764e-01 
 4.90000000e+01  6.50929914e-01  4.90000000e+01  6.50930329e-01 
 5.00000000e+01  6.50915393e-01  5.00000000e+01  6.50915819e-01 
 5.10000000e+01  6.50900811e-01  5.10000000e+01  6.50901247e-01 
 5.20000000e+01  6.50886180e-01  5.20000000e+01  6.50886627e-01 
 5.30000000e+01  6.50871516e-01  5.30000000e+01  6.50871974e-01 
 5.40000000e+01  6.50856833e-01  5.40000000e+01  6.50857301e-01 
 5.50000000e+01  6.50842146e-01  5.50000000e+01  6.50842624e-01 
 5.60000000e+01  6.50827469e-01  5.60000000e+01  6.50827958e-01 
 5.70000000e+01  6.50812818e-01  5.70000000e+01  6.50813318e-01 
 5.80000000e+01  6.50798207e-01  5.80000000e+01  6.50798719e-01 
 5.90000000e+01  6.50783653e-01  5.90000000e+01  6.50784175e-01 
 6.00000000e+01  6.50769171e-01  6.00000000e+01  6.50769704e-01 
 6.10000000e+01  6.50754776e-01  6.10000000e+01  6.50755320e-01 
 6.20000000e+01  6.50740484e-01  6.20000000e+01  6.50741038e-01 
 6.30000000e+01  6.50726310e-01  6.30000000e+01  6.50726875e-01 
 6.40000000e+01  6.50712271e-01  6.40000000e+01  6.50712847e-01 
 6.50000000e+01  6.50698382e-01  6.50000000e+01  6.50698968e-01 
 6.60000000e+01  6.50684658e-01  6.60000000e+01  6.50685256e-01 
 6.70000000e+01  6.50671117e-01  6.70000000e+01  6.50671725e-01 
 6.80000000e+01  6.50657773e-01  6.80000000e+01  6.50658391e-01 
 6.90000000e+01  6.50644642e-01  6.90000000e+01  6.50645271e-01 
 7.00000000e+01  6.50631739e-01  7.00000000e+01  6.50632379e-01 
 7.10000000e+01  6.50619081e-01  7.10000000e+01  6.50619731e-01 
 7.20000000e+01  6.50606683e-01  7.20000000e+01  6.50607343e-01 
 7.30000000e+01  6.50594560e-01  7.30000000e+01  6.50595230e-01 
 7.40000000e+01  6.50582727e-01  7.40000000e+01  6.50583407e-01 
 7.50000000e+01  6.50571199e-01  7.50000000e+01  6.50571889e-01 
 7.60000000e+01  6.50559991e-01  7.60000000e+01  6.50560691e-01 
 7.70000000e+01  6.50549118e-01  7.70000000e+01  6.50549827e-01 
 7.80000000e+01  6.50538594e-01  7.80000000e+01  6.50539313e-01 
 7.90000000e+01  6.50528433e-01  7.90000000e+01  6.50529161e-01 
 8.00000000e+01  6.50518650e-01  8.00000000e+01  6.50519386e-01 
 8.10000000e+01  6.50509257e-01  8.10000000e+01  6.50510003e-01 
 8.20000000e+01  6.50500270e-01  8.20000000e+01  6.50501024e-01 
 8.30000000e+01  6.50491700e-01  8.30000000e+01  6.50492462e-01 
 8.40000000e+01  6.50483560e-01  8.40000000e+01  6.50484331e-01 
 8.50000000e+01  6.50475865e-01  8.50000000e+01  6.50476643e-01 
 8.60000000e+01  6.50468625e-01  8.60000000e+01  6.50469411e-01 
 8.70000000e+01  6.50461854e-01  8.70000000e+01  6.50462647e-01 
 8.80000000e+01  6.50455562e-01  8.80000000e+01  6.50456362e-01 
 8.90000000e+01  6.50449763e-01  8.90000000e+01  6.50450570e-01 
 9.00000000e+01  6.50444467e-01  9.00000000e+01  6.50445280e-01 
 9.10000000e+01  6.50439686e-01  9.10000000e+01  6.50440505e-01 
 9.20000000e+01  6.50435430e-01  9.20000000e+01  6.50436255e-01 
 9.30000000e+01  6.50431710e-01  9.30000000e+01  6.50432541e-01 
 9.40000000e+01  6.50428537e-01  9.40000000e+01  6.50429373e-01 
 9.50000000e+01  6.50425921e-01  9.50000000e+01  6.50426762e-01 
 9.60000000e+01  6.50423872e-01  9.60000000e+01  6.50424718e-01 
 9.70000000e+01  6.50422400e-01  9.70000000e+01  6.50423250e-01 
 9.80000000e+01  6.50421514e-01  9.80000000e+01  6.50422368e-01 
 9.90000000e+01  6.50421225e-01  9.90000000e+01  6.50422082e-01 
 1.00000000e+02  6.50421540e-01  1.00000000e+02  6.50422401e-01 
 1.01000000e+02  6.50422470e-01  1.01000000e+02  6.50423334e-01 
 1.02000000e+02  6.50424024e-01  1.02000000e+02  6.50424890e-01 
 1.03000000e+02  6.50426209e-01  1.03000000e+02  6.50427078e-01 
 1.04000000e+02  6.50429036e-01  1.04000000e+02  6.50429906e-01 
 1.05000000e+02  6.50432512e-01  1.05000000e+02  6.50433384e-01 
 1.06000000e+02  6.50436646e-01  1.06000000e+02  6.50437519e-01 
 1.07000000e+02  6.50441446e-01  1.07000000e+02  6.50442321e-01 
 1.08000000e+02  6.50446921e-01  1.08000000e+02  6.50447796e-01 
 1.09000000e+02  6.50453079e-01  1.09000000e+02  6.50453955e-01 
 1.10000000e+02  6.50459928e-01  1.10000000e+02  6.50460804e-01 
 1.11000000e+02  6.50467476e-01  1.11000000e+02  6.50468352e-01 
 1.12000000e+02  6.50475732e-01  1.12000000e+02  6.50476607e-01 
 1.13000000e+02  6.50484702e-01  1.13000000e+02  6.50485577e-01 
 1.14000000e+02  6.50494396e-01  1.14000000e+02  6.50495270e-01 
 1.15000000e+02  6.50504821e-01  1.15000000e+02  6.50505694e-01 
 1.16000000e+02  6.50515985e-01  1.16000000e+02  6.50516857e-01 
 1.17000000e+02  6.50527896e-01  1.17000000e+02  6.50528766e-01 
 1.18000000e+02  6.50540562e-01  1.18000000e+02  6.50541431e-01 
 1.19000000e+02  6.50553991e-01  1.19000000e+02  6.50554859e-01 
 1.20000000e+02  6.50568191e-01  1.20000000e+02  6.50569057e-01 
 1.21000000e+02  6.50583170e-01  1.21000000e+02  6.50584034e-01 
 1.22000000e+02  6.50598935e-01  1.22000000e+02  6.50599798e-01 
 1.23000000e+02  6.50615496e-01  1.23000000e+02  6.50616357e-01 
 1.24000000e+02  6.50632859e-01  1.24000000e+02  6.50633719e-01 
 1.25000000e+02  6.50651033e-01  1.25000000e+02  6.50651893e-01 
 1.26000000e+02  6.50670026e-01  1.26000000e+02  6.50670885e-01 
 1.27000000e+02  6.50689847e-01  1.27000000e+02  6.50690706e-01 
 1.28000000e+02  6.50710503e-01  1.28000000e+02  6.50711362e-01 
 1.29000000e+02  6.50732003e-01  1.29000000e+02  6.50732863e-01 
 1.30000000e+02  6.50754355e-01  1.30000000e+02  6.50755216e-01 
 1.31000000e+02  6.50777568e-01  1.31000000e+02  6.50778431e-01 
 1.32000000e+02  6.50801649e-01  1.32000000e+02  6.50802515e-01 
 1.33000000e+02  6.50826608e-01  1.33000000e+02  6.50827477e-01 
 1.34000000e+02  6.50852453e-01  1.34000000e+02  6.50853327e-01 
 1.35000000e+02  6.50879192e-01  1.35000000e+02  6.50880072e-01 
 1.36000000e+02  6.50906835e-01  1.36000000e+02  6.50907722e-01 
 1.37000000e+02  6.50935389e-01  1.37000000e+02  6.50936285e-01 
 1.38000000e+02  6.50964865e-01  1.38000000e+02  6.50965770e-01 
 1.39000000e+02  6.50995270e-01  1.39000000e+02  6.50996187e-01 
 1.40000000e+02  6.51026614e-01  1.40000000e+02  6.51027545e-01 
 1.41000000e+02  6.51058906e-01  1.41000000e+02  6.51059852e-01 
 1.42000000e+02  6.51092154e-01  1.42000000e+02  6.51093119e-01 
 1.43000000e+02  6.51126369e-01  1.43000000e+02  6.51127354e-01 
 1.44000000e+02  6.51161558e-01  1.44000000e+02  6.51162566e-01 
 1.45000000e+02  6.51197732e-01  1.45000000e+02  6.51198766e-01 
 1.46000000e+02  6.51234900e-01  1.46000000e+02  6.51235963e-01 
 1.47000000e+02  6.51273071e-01  1.47000000e+02  6.51274167e-01 
 1.48000000e+02  6.51312254e-01  1.48000000e+02  6.51313387e-01 
 1.49000000e+02  6.51352460e-01  1.49000000e+02  6.51353634e-01 
 1.50000000e+02  6.51393697e-01  1.50000000e+02  6.51394916e-01 
