-5.00000000e+01  6.49689451e-01 -5.00000000e+01  6.49689488e-01 
-4.90000000e+01  6.49678508e-01 -4.90000000e+01  6.49678548e-01 
-4.80000000e+01  6.49759107e-01 -4.80000000e+01  6.49759150e-01 
-4.70000000e+01  6.49793845e-01 -4.70000000e+01  6.49793892e-01 
-4.60000000e+01  6.49827287e-01 -4.60000000e+01  6.49827337e-01 
-4.50000000e+01  6.49859714e-01 -4.50000000e+01  6.49859768e-01 
-4.40000000e+01  6.49891340e-01 -4.40000000e+01  6.49891398e-01 
-4.30000000e+01  6.49922170e-01 -4.30000000e+01  6.49922232e-01 
-4.20000000e+01  6.49952210e-01 -4.20000000e+01  6.49952277e-01 
-4.10000000e+01  6.49981466e-01 -4.10000000e+01  6.49981538e-01 
-4.00000000e+01  6.50009943e-01 -4.00000000e+01  6.50010020e-01 
-3.90000000e+01  6.50037647e-01 -3.90000000e+01  6.50037729e-01 
-3.80000000e+01  6.50064584e-01 -3.80000000e+01  6.50064670e-01 
-3.70000000e+01  6.50090758e-01 -3.70000000e+01  6.50090850e-01 
-3.60000000e+01  6.50116177e-01 -3.60000000e+01  6.50116274e-01 
-3.50000000e+01  6.50140844e-01 -3.50000000e+01  6.50140948e-01 
-3.40000000e+01  6.50164766e-01 -3.40000000e+01  6.50164876e-01 
-3.30000000e+01  6.50187948e-01 -3.30000000e+01  6.50188065e-01 
-3.20000000e+01  6.50210396e-01 -3.20000000e+01  6.50210520e-01 
-3.10000000e+01  6.50232115e-01 -3.10000000e+01  6.50232247e-01 
-3.00000000e+01  6.50253112e-01 -3.00000000e+01  6.50253251e-01 
-2.90000000e+01  6.50273390e-01 -2.90000000e+01  6.50273538e-01 
-2.80000000e+01  6.50292957e-01 -2.80000000e+01  6.50293113e-01 
-2.70000000e+01  6.50311817e-01 -2.70000000e+01  6.50311981e-01 
-2.60000000e+01  6.50329975e-01 -2.60000000e+01  6.50330149e-01 
-2.50000000e+01  6.50347439e-01 -2.50000000e+01  6.50347622e-01 
-2.40000000e+01  6.50364212e-01 -2.40000000e+01  6.50364405e-01 
-2.30000000e+01  6.50380301e-01 -2.30000000e+01  6.50380504e-01 
-2.20000000e+01  6.50395710e-01 -2.20000000e+01  6.50395925e-01 
-2.10000000e+01  6.50410447e-01 -2.10000000e+01  6.50410673e-01 
-2.00000000e+01  6.50424515e-01 -2.00000000e+01  6.50424753e-01 
-1.90000000e+01  6.50437921e-01 -1.90000000e+01  6.50438171e-01 
-1.80000000e+01  6.50450670e-01 -1.80000000e+01  6.50450932e-01 
-1.70000000e+01  6.50462768e-01 -1.70000000e+01  6.50463043e-01 
-1.60000000e+01  6.50474220e-01 -1.60000000e+01  6.50474509e-01 
-1.50000000e+01  6.50485032e-01 -1.50000000e+01  6.50485335e-01 
-1.40000000e+01  6.50495209e-01 -1.40000000e+01  6.50495527e-01 
-1.30000000e+01  6.50504758e-01 -1.30000000e+01  6.50505091e-01 
-1.20000000e+01  6.50513683e-01 -1.20000000e+01  6.50514031e-01 
-1.10000000e+01  6.50521991e-01 -1.10000000e+01  6.50522355e-01 
-1.00000000e+01  6.50529686e-01 -1.00000000e+01  6.50530067e-01 
-9.00000000e+00  6.50536775e-01 -9.00000000e+00  6.50537174e-01 
-8.00000000e+00  6.50543264e-01 -8.00000000e+00  6.50543680e-01 
-7.00000000e+00  6.50549158e-01 -7.00000000e+00  6.50549592e-01 
-6.00000000e+00  6.50554462e-01 -6.00000000e+00  6.50554916e-01 
-5.00000000e+00  6.50559183e-01 -5.00000000e+00  6.50559657e-01 
-4.00000000e+00  6.50563327e-01 -4.00000000e+00  6.50563820e-01 
-3.00000000e+00  6.50566899e-01 -3.00000000e+00  6.50567413e-01 
-2.00000000e+00  6.50569904e-01 -2.00000000e+00  6.50570440e-01 
-1.00000000e+00  6.50572350e-01 -1.00000000e+00  6.50572908e-01 
 0.00000000e+00  6.50574242e-01  0.00000000e+00  6.50574822e-01 
 1.00000000e+00  6.50575586e-01  1.00000000e+00  6.50576189e-01 
 2.00000000e+00  6.50576387e-01  2.00000000e+00  6.50577015e-01 
 3.00000000e+00  6.50576652e-01  3.00000000e+00  6.50577305e-01 
 4.00000000e+00  6.50576388e-01  4.00000000e+00  6.50577065e-01 
 5.00000000e+00  6.50575599e-01  5.00000000e+00  6.50576302e-01 
 6.00000000e+00  6.50574292e-01  6.00000000e+00  6.50575022e-01 
 7.00000000e+00  6.50572474e-01  7.00000000e+00  6.50573231e-01 
 8.00000000e+00  6.50570151e-01  8.00000000e+00  6.50570935e-01 
 9.00000000e+00  6.50567328e-01  9.00000000e+00  6.50568141e-01 
 1.00000000e+01  6.50564012e-01  1.00000000e+01  6.50564854e-01 
 1.10000000e+01  6.50560210e-01  1.10000000e+01  6.50561082e-01 
 1.20000000e+01  6.50555928e-01  1.20000000e+01  6.50556830e-01 
 1.30000000e+01  6.50551173e-01  1.30000000e+01  6.50552106e-01 
 1.40000000e+01  6.50545950e-01  1.40000000e+01  6.50546915e-01 
 1.50000000e+01  6.50540267e-01  1.50000000e+01  6.50541264e-01 
 1.60000000e+01  6.50534131e-01  1.60000000e+01  6.50535160e-01 
 1.70000000e+01  6.50527547e-01  1.70000000e+01  6.50528610e-01 
 1.80000000e+01  6.50520523e-01  1.80000000e+01  6.50521620e-01 
 1.90000000e+01  6.50513066e-01  1.90000000e+01  6.50514198e-01 
 2.00000000e+01  6.50505182e-01  2.00000000e+01  6.50506349e-01 
 2.10000000e+01  6.50496879e-01  2.10000000e+01  6.50498082e-01 
 2.20000000e+01  6.50488163e-01  2.20000000e+01  6.50489403e-01 
 2.30000000e+01  6.50479042e-01  2.30000000e+01  6.50480319e-01 
 2.40000000e+01  6.50469523e-01  2.40000000e+01  6.50470837e-01 
 2.50000000e+01  6.50459614e-01  2.50000000e+01  6.50460966e-01 
 2.60000000e+01  6.50449321e-01  2.60000000e+01  6.50450711e-01 
 2.70000000e+01  6.50438651e-01  2.70000000e+01  6.50440081e-01 
 2.80000000e+01  6.50427614e-01  2.80000000e+01  6.50429083e-01 
 2.90000000e+01  6.50416216e-01  2.90000000e+01  6.50417725e-01 
 3.00000000e+01  6.50404465e-01  3.00000000e+01  6.50406015e-01 
 3.10000000e+01  6.50392368e-01  3.10000000e+01  6.50393960e-01 
 3.20000000e+01  6.50379935e-01  3.20000000e+01  6.50381567e-01 
 3.30000000e+01  6.50367172e-01  3.30000000e+01  6.50368847e-01 
 3.40000000e+01  6.50354088e-01  3.40000000e+01  6.50355805e-01 
 3.50000000e+01  6.50340692e-01  3.50000000e+01  6.50342451e-01 
 3.60000000e+01  6.50326991e-01  3.60000000e+01  6.50328794e-01 
 3.70000000e+01  6.50312995e-01  3.70000000e+01  6.50314840e-01 
 3.80000000e+01  6.50298711e-01  3.80000000e+01  6.50300600e-01 
 3.90000000e+01  6.50284149e-01  3.90000000e+01  6.50286081e-01 
 4.00000000e+01  6.50269317e-01  4.00000000e+01  6.50271293e-01 
 4.10000000e+01  6.50254224e-01  4.10000000e+01  6.50256245e-01 
 4.20000000e+01  6.50238880e-01  4.20000000e+01  6.50240946e-01 
 4.30000000e+01  6.50223294e-01  4.30000000e+01  6.50225404e-01 
 4.40000000e+01  6.50207476e-01  4.40000000e+01  6.50209630e-01 
 4.50000000e+01  6.50191434e-01  4.50000000e+01  6.50193633e-01 
 4.60000000e+01  6.50175179e-01  4.60000000e+01  6.50177422e-01 
 4.70000000e+01  6.50158720e-01  4.70000000e+01  6.50161009e-01 
 4.80000000e+01  6.50142069e-01  4.80000000e+01  6.50144401e-01 
 4.90000000e+01  6.50125234e-01  4.90000000e+01  6.50127611e-01 
 5.00000000e+01  6.50108226e-01  5.00000000e+01  6.50110648e-01 
 5.10000000e+01  6.50091057e-01  5.10000000e+01  6.50093523e-01 
 5.20000000e+01  6.50073736e-01  5.20000000e+01  6.50076246e-01 
 5.30000000e+01  6.50056275e-01  5.30000000e+01  6.50058829e-01 
 5.40000000e+01  6.50038685e-01  5.40000000e+01  6.50041283e-01 
 5.50000000e+01  6.50020978e-01  5.50000000e+01  6.50023618e-01 
 5.60000000e+01  6.50003164e-01  5.60000000e+01  6.50005848e-01 
 5.70000000e+01  6.49985256e-01  5.70000000e+01  6.49987982e-01 
 5.80000000e+01  6.49967266e-01  5.80000000e+01  6.49970035e-01 
 5.90000000e+01  6.49949206e-01  5.90000000e+01  6.49952016e-01 
 6.00000000e+01  6.49931089e-01  6.00000000e+01  6.49933940e-01 
 6.10000000e+01  6.49912927e-01  6.10000000e+01  6.49915818e-01 
 6.20000000e+01  6.49894733e-01  6.20000000e+01  6.49897664e-01 
 6.30000000e+01  6.49876520e-01  6.30000000e+01  6.49879491e-01 
 6.40000000e+01  6.49858303e-01  6.40000000e+01  6.49861311e-01 
 6.50000000e+01  6.49840093e-01  6.50000000e+01  6.49843140e-01 
 6.60000000e+01  6.49821906e-01  6.60000000e+01  6.49824990e-01 
 6.70000000e+01  6.49803756e-01  6.70000000e+01  6.49806876e-01 
 6.80000000e+01  6.49785657e-01  6.80000000e+01  6.49788812e-01 
 6.90000000e+01  6.49767623e-01  6.90000000e+01  6.49770812e-01 
 7.00000000e+01  6.49749670e-01  7.00000000e+01  6.49752892e-01 
 7.10000000e+01  6.49731813e-01  7.10000000e+01  6.49735067e-01 
 7.20000000e+01  6.49714067e-01  7.20000000e+01  6.49717353e-01 
 7.30000000e+01  6.49696448e-01  7.30000000e+01  6.49699764e-01 
 7.40000000e+01  6.49678972e-01  7.40000000e+01  6.49682317e-01 
 7.50000000e+01  6.49661655e-01  7.50000000e+01  6.49665027e-01 
 7.60000000e+01  6.49644513e-01  7.60000000e+01  6.49647912e-01 
 7.70000000e+01  6.49627564e-01  7.70000000e+01  6.49630989e-01 
 7.80000000e+01  6.49610824e-01  7.80000000e+01  6.49614273e-01 
 7.90000000e+01  6.49594311e-01  7.90000000e+01  6.49597782e-01 
 8.00000000e+01  6.49578041e-01  8.00000000e+01  6.49581533e-01 
 8.10000000e+01  6.49562032e-01  8.10000000e+01  6.49565544e-01 
 8.20000000e+01  6.49546303e-01  8.20000000e+01  6.49549833e-01 
 8.30000000e+01  6.49530871e-01  8.30000000e+01  6.49534417e-01 
 8.40000000e+01  6.49515754e-01  8.40000000e+01  6.49519316e-01 
 8.50000000e+01  6.49500970e-01  8.50000000e+01  6.49504546e-01 
 8.60000000e+01  6.49486539e-01  8.60000000e+01  6.49490127e-01 
 8.70000000e+01  6.49472478e-01  8.70000000e+01  6.49476076e-01 
 8.80000000e+01  6.49458807e-01  8.80000000e+01  6.49462414e-01 
 8.90000000e+01  6.49445544e-01  8.90000000e+01  6.49449158e-01 
 9.00000000e+01  6.49432708e-01  9.00000000e+01  6.49436327e-01 
 9.10000000e+01  6.49420318e-01  9.10000000e+01  6.49423941e-01 
 9.20000000e+01  6.49408394e-01  9.20000000e+01  6.49412018e-01 
 9.30000000e+01  6.49396953e-01  9.30000000e+01  6.49400578e-01 
 9.40000000e+01  6.49386016e-01  9.40000000e+01  6.49389639e-01 
 9.50000000e+01  6.49375601e-01  9.50000000e+01  6.49379221e-01 
 9.60000000e+01  6.49365728e-01  9.60000000e+01  6.49369342e-01 
 9.70000000e+01  6.49356415e-01  9.70000000e+01  6.49360022e-01 
 9.80000000e+01  6.49347681e-01  9.80000000e+01  6.49351279e-01 
 9.90000000e+01  6.49339545e-01  9.90000000e+01  6.49343133e-01 
 1.00000000e+02  6.49332026e-01  1.00000000e+02  6.49335602e-01 
 1.01000000e+02  6.49325143e-01  1.01000000e+02  6.49328704e-01 
 1.02000000e+02  6.49318913e-01  1.02000000e+02  6.49322459e-01 
 1.03000000e+02  6.49313356e-01  1.03000000e+02  6.49316884e-01 
 1.04000000e+02  6.49308489e-01  1.04000000e+02  6.49311998e-01 
 1.05000000e+02  6.49304330e-01  1.05000000e+02  6.49307818e-01 
 1.06000000e+02  6.49300898e-01  1.06000000e+02  6.49304363e-01 
 1.07000000e+02  6.49298209e-01  1.07000000e+02  6.49301651e-01 
 1.08000000e+02  6.49296282e-01  1.08000000e+02  6.49299698e-01 
 1.09000000e+02  6.49295133e-01  1.09000000e+02  6.49298521e-01 
 1.10000000e+02  6.49294779e-01  1.10000000e+02  6.49298139e-01 
 1.11000000e+02  6.49295237e-01  1.11000000e+02  6.49298568e-01 
 1.12000000e+02  6.49296524e-01  1.12000000e+02  6.49299823e-01 
 1.13000000e+02  6.49298656e-01  1.13000000e+02  6.49301923e-01 
 1.14000000e+02  6.49301649e-01  1.14000000e+02  6.49304882e-01 
 1.15000000e+02  6.49305518e-01  1.15000000e+02  6.49308717e-01 
 1.16000000e+02  6.49310280e-01  1.16000000e+02  6.49313443e-01 
 1.17000000e+02  6.49315949e-01  1.17000000e+02  6.49319076e-01 
 1.18000000e+02  6.49322541e-01  1.18000000e+02  6.49325632e-01 
 1.19000000e+02  6.49330071e-01  1.19000000e+02  6.49333124e-01 
 1.20000000e+02  6.49338553e-01  1.20000000e+02  6.49341569e-01 
 1.21000000e+02  6.49348002e-01  1.21000000e+02  6.49350980e-01 
 1.22000000e+02  6.49358432e-01  1.22000000e+02  6.49361373e-01 
 1.23000000e+02  6.49369858e-01  1.23000000e+02  6.49372761e-01 
 1.24000000e+02  6.49382293e-01  1.24000000e+02  6.49385159e-01 
 1.25000000e+02  6.49395751e-01  1.25000000e+02  6.49398580e-01 
 1.26000000e+02  6.49410246e-01  1.26000000e+02  6.49413039e-01 
 1.27000000e+02  6.49425791e-01  1.27000000e+02  6.49428549e-01 
 1.28000000e+02  6.49442399e-01  1.28000000e+02  6.49445124e-01 
 1.29000000e+02  6.49460084e-01  1.29000000e+02  6.49462777e-01 
 1.30000000e+02  6.49478859e-01  1.30000000e+02  6.49481521e-01 
 1.31000000e+02  6.49498736e-01  1.31000000e+02  6.49501370e-01 
 1.32000000e+02  6.49519729e-01  1.32000000e+02  6.49522337e-01 
 1.33000000e+02  6.49541850e-01  1.33000000e+02  6.49544435e-01 
 1.34000000e+02  6.49565111e-01  1.34000000e+02  6.49567677e-01 
 1.35000000e+02  6.49589526e-01  1.35000000e+02  6.49592076e-01 
 1.36000000e+02  6.49615106e-01  1.36000000e+02  6.49617644e-01 
 1.37000000e+02  6.49641865e-01  1.37000000e+02  6.49644396e-01 
 1.38000000e+02  6.49669814e-01  1.38000000e+02  6.49672342e-01 
 1.39000000e+02  6.49698966e-01  1.39000000e+02  6.49701497e-01 
 1.40000000e+02  6.49729333e-01  1.40000000e+02  6.49731874e-01 
 1.41000000e+02  6.49760928e-01  1.41000000e+02  6.49763484e-01 
 1.42000000e+02  6.49793762e-01  1.42000000e+02  6.49796340e-01 
 1.43000000e+02  6.49827847e-01  1.43000000e+02  6.49830457e-01 
 1.44000000e+02  6.49863196e-01  1.44000000e+02  6.49865846e-01 
 1.45000000e+02  6.49899821e-01  1.45000000e+02  6.49902520e-01 
 1.46000000e+02  6.49937734e-01  1.46000000e+02  6.49940492e-01 
 1.47000000e+02  6.49976947e-01  1.47000000e+02  6.49979776e-01 
 1.48000000e+02  6.50017473e-01  1.48000000e+02  6.50020384e-01 
 1.49000000e+02  6.50059322e-01  1.49000000e+02  6.50062329e-01 
 1.50000000e+02  6.50102508e-01  1.50000000e+02  6.50105625e-01 
