-5.00000000e+01  6.49045045e-01 -5.00000000e+01  6.49045361e-01 
-4.90000000e+01  6.49034792e-01 -4.90000000e+01  6.49035126e-01 
-4.80000000e+01  6.49117136e-01 -4.80000000e+01  6.49117490e-01 
-4.70000000e+01  6.49153106e-01 -4.70000000e+01  6.49153481e-01 
-4.60000000e+01  6.49187774e-01 -4.60000000e+01  6.49188171e-01 
-4.50000000e+01  6.49221429e-01 -4.50000000e+01  6.49221849e-01 
-4.40000000e+01  6.49254285e-01 -4.40000000e+01  6.49254729e-01 
-4.30000000e+01  6.49286349e-01 -4.30000000e+01  6.49286818e-01 
-4.20000000e+01  6.49317626e-01 -4.20000000e+01  6.49318121e-01 
-4.10000000e+01  6.49348125e-01 -4.10000000e+01  6.49348647e-01 
-4.00000000e+01  6.49377849e-01 -4.00000000e+01  6.49378400e-01 
-3.90000000e+01  6.49406807e-01 -3.90000000e+01  6.49407387e-01 
-3.80000000e+01  6.49435004e-01 -3.80000000e+01  6.49435614e-01 
-3.70000000e+01  6.49462446e-01 -3.70000000e+01  6.49463088e-01 
-3.60000000e+01  6.49489140e-01 -3.60000000e+01  6.49489815e-01 
-3.50000000e+01  6.49515093e-01 -3.50000000e+01  6.49515802e-01 
-3.40000000e+01  6.49540309e-01 -3.40000000e+01  6.49541054e-01 
-3.30000000e+01  6.49564797e-01 -3.30000000e+01  6.49565579e-01 
-3.20000000e+01  6.49588562e-01 -3.20000000e+01  6.49589382e-01 
-3.10000000e+01  6.49611610e-01 -3.10000000e+01  6.49612470e-01 
-3.00000000e+01  6.49633949e-01 -3.00000000e+01  6.49634850e-01 
-2.90000000e+01  6.49655584e-01 -2.90000000e+01  6.49656528e-01 
-2.80000000e+01  6.49676522e-01 -2.80000000e+01  6.49677510e-01 
-2.70000000e+01  6.49696770e-01 -2.70000000e+01  6.49697803e-01 
-2.60000000e+01  6.49716334e-01 -2.60000000e+01  6.49717414e-01 
-2.50000000e+01  6.49735220e-01 -2.50000000e+01  6.49736349e-01 
-2.40000000e+01  6.49753436e-01 -2.40000000e+01  6.49754614e-01 
-2.30000000e+01  6.49770987e-01 -2.30000000e+01  6.49772217e-01 
-2.20000000e+01  6.49787881e-01 -2.20000000e+01  6.49789164e-01 
-2.10000000e+01  6.49804124e-01 -2.10000000e+01  6.49805462e-01 
-2.00000000e+01  6.49819724e-01 -2.00000000e+01  6.49821118e-01 
-1.90000000e+01  6.49834685e-01 -1.90000000e+01  6.49836138e-01 
-1.80000000e+01  6.49849017e-01 -1.80000000e+01  6.49850529e-01 
-1.70000000e+01  6.49862724e-01 -1.70000000e+01  6.49864298e-01 
-1.60000000e+01  6.49875815e-01 -1.60000000e+01  6.49877452e-01 
-1.50000000e+01  6.49888297e-01 -1.50000000e+01  6.49889997e-01 
-1.40000000e+01  6.49900175e-01 -1.40000000e+01  6.49901942e-01 
-1.30000000e+01  6.49911458e-01 -1.30000000e+01  6.49913293e-01 
-1.20000000e+01  6.49922152e-01 -1.20000000e+01  6.49924056e-01 
-1.10000000e+01  6.49932264e-01 -1.10000000e+01  6.49934240e-01 
-1.00000000e+01  6.49941802e-01 -1.00000000e+01  6.49943851e-01 
-9.00000000e+00  6.49950773e-01 -9.00000000e+00  6.49952897e-01 
-8.00000000e+00  6.49959184e-01 -8.00000000e+00  6.49961384e-01 
-7.00000000e+00  6.49967043e-01 -7.00000000e+00  6.49969321e-01 
-6.00000000e+00  6.49974356e-01 -6.00000000e+00  6.49976715e-01 
-5.00000000e+00  6.49981132e-01 -5.00000000e+00  6.49983572e-01 
-4.00000000e+00  6.49987378e-01 -4.00000000e+00  6.49989901e-01 
-3.00000000e+00  6.49993101e-01 -3.00000000e+00  6.49995710e-01 
-2.00000000e+00  6.49998310e-01 -2.00000000e+00  6.50001005e-01 
-1.00000000e+00  6.50003012e-01 -1.00000000e+00  6.50005794e-01 
 0.00000000e+00  6.50007214e-01  0.00000000e+00  6.50010086e-01 
 1.00000000e+00  6.50010925e-01  1.00000000e+00  6.50013889e-01 
 2.00000000e+00  6.50014152e-01  2.00000000e+00  6.50017209e-01 
 3.00000000e+00  6.50016904e-01  3.00000000e+00  6.50020055e-01 
 4.00000000e+00  6.50019189e-01  4.00000000e+00  6.50022436e-01 
 5.00000000e+00  6.50021014e-01  5.00000000e+00  6.50024359e-01 
 6.00000000e+00  6.50022389e-01  6.00000000e+00  6.50025832e-01 
 7.00000000e+00  6.50023320e-01  7.00000000e+00  6.50026864e-01 
 8.00000000e+00  6.50023818e-01  8.00000000e+00  6.50027463e-01 
 9.00000000e+00  6.50023890e-01  9.00000000e+00  6.50027638e-01 
 1.00000000e+01  6.50023544e-01  1.00000000e+01  6.50027397e-01 
 1.10000000e+01  6.50022790e-01  1.10000000e+01  6.50026748e-01 
 1.20000000e+01  6.50021636e-01  1.20000000e+01  6.50025701e-01 
 1.30000000e+01  6.50020091e-01  1.30000000e+01  6.50024264e-01 
 1.40000000e+01  6.50018164e-01  1.40000000e+01  6.50022446e-01 
 1.50000000e+01  6.50015864e-01  1.50000000e+01  6.50020256e-01 
 1.60000000e+01  6.50013200e-01  1.60000000e+01  6.50017703e-01 
 1.70000000e+01  6.50010182e-01  1.70000000e+01  6.50014796e-01 
 1.80000000e+01  6.50006817e-01  1.80000000e+01  6.50011544e-01 
 1.90000000e+01  6.50003117e-01  1.90000000e+01  6.50007957e-01 
 2.00000000e+01  6.49999090e-01  2.00000000e+01  6.50004044e-01 
 2.10000000e+01  6.49994746e-01  2.10000000e+01  6.49999815e-01 
 2.20000000e+01  6.49990095e-01  2.20000000e+01  6.49995279e-01 
 2.30000000e+01  6.49985146e-01  2.30000000e+01  6.49990446e-01 
 2.40000000e+01  6.49979909e-01  2.40000000e+01  6.49985326e-01 
 2.50000000e+01  6.49974395e-01  2.50000000e+01  6.49979929e-01 
 2.60000000e+01  6.49968614e-01  2.60000000e+01  6.49974264e-01 
 2.70000000e+01  6.49962575e-01  2.70000000e+01  6.49968342e-01 
 2.80000000e+01  6.49956290e-01  2.80000000e+01  6.49962174e-01 
 2.90000000e+01  6.49949769e-01  2.90000000e+01  6.49955770e-01 
 3.00000000e+01  6.49943021e-01  3.00000000e+01  6.49949139e-01 
 3.10000000e+01  6.49936059e-01  3.10000000e+01  6.49942294e-01 
 3.20000000e+01  6.49928893e-01  3.20000000e+01  6.49935244e-01 
 3.30000000e+01  6.49921533e-01  3.30000000e+01  6.49928001e-01 
 3.40000000e+01  6.49913992e-01  3.40000000e+01  6.49920575e-01 
 3.50000000e+01  6.49906280e-01  3.50000000e+01  6.49912978e-01 
 3.60000000e+01  6.49898409e-01  3.60000000e+01  6.49905220e-01 
 3.70000000e+01  6.49890390e-01  3.70000000e+01  6.49897315e-01 
 3.80000000e+01  6.49882235e-01  3.80000000e+01  6.49889272e-01 
 3.90000000e+01  6.49873956e-01  3.90000000e+01  6.49881104e-01 
 4.00000000e+01  6.49865564e-01  4.00000000e+01  6.49872823e-01 
 4.10000000e+01  6.49857072e-01  4.10000000e+01  6.49864440e-01 
 4.20000000e+01  6.49848493e-01  4.20000000e+01  6.49855968e-01 
 4.30000000e+01  6.49839838e-01  4.30000000e+01  6.49847419e-01 
 4.40000000e+01  6.49831120e-01  4.40000000e+01  6.49838805e-01 
 4.50000000e+01  6.49822352e-01  4.50000000e+01  6.49830140e-01 
 4.60000000e+01  6.49813547e-01  4.60000000e+01  6.49821436e-01 
 4.70000000e+01  6.49804718e-01  4.70000000e+01  6.49812705e-01 
 4.80000000e+01  6.49795878e-01  4.80000000e+01  6.49803962e-01 
 4.90000000e+01  6.49787041e-01  4.90000000e+01  6.49795220e-01 
 5.00000000e+01  6.49778220e-01  5.00000000e+01  6.49786491e-01 
 5.10000000e+01  6.49769430e-01  5.10000000e+01  6.49777790e-01 
 5.20000000e+01  6.49760683e-01  5.20000000e+01  6.49769131e-01 
 5.30000000e+01  6.49751996e-01  5.30000000e+01  6.49760527e-01 
 5.40000000e+01  6.49743381e-01  5.40000000e+01  6.49751994e-01 
 5.50000000e+01  6.49734853e-01  5.50000000e+01  6.49743545e-01 
 5.60000000e+01  6.49726428e-01  5.60000000e+01  6.49735195e-01 
 5.70000000e+01  6.49718120e-01  5.70000000e+01  6.49726960e-01 
 5.80000000e+01  6.49709945e-01  5.80000000e+01  6.49718853e-01 
 5.90000000e+01  6.49701918e-01  5.90000000e+01  6.49710892e-01 
 6.00000000e+01  6.49694055e-01  6.00000000e+01  6.49703091e-01 
 6.10000000e+01  6.49686371e-01  6.10000000e+01  6.49695465e-01 
 6.20000000e+01  6.49678884e-01  6.20000000e+01  6.49688032e-01 
 6.30000000e+01  6.49671608e-01  6.30000000e+01  6.49680807e-01 
 6.40000000e+01  6.49664562e-01  6.40000000e+01  6.49673808e-01 
 6.50000000e+01  6.49657762e-01  6.50000000e+01  6.49667050e-01 
 6.60000000e+01  6.49651224e-01  6.60000000e+01  6.49660551e-01 
 6.70000000e+01  6.49644968e-01  6.70000000e+01  6.49654327e-01 
 6.80000000e+01  6.49639009e-01  6.80000000e+01  6.49648398e-01 
 6.90000000e+01  6.49633366e-01  6.90000000e+01  6.49642780e-01 
 7.00000000e+01  6.49628057e-01  7.00000000e+01  6.49637491e-01 
 7.10000000e+01  6.49623101e-01  7.10000000e+01  6.49632550e-01 
 7.20000000e+01  6.49618516e-01  7.20000000e+01  6.49627976e-01 
 7.30000000e+01  6.49614321e-01  7.30000000e+01  6.49623787e-01 
 7.40000000e+01  6.49610536e-01  7.40000000e+01  6.49620002e-01 
 7.50000000e+01  6.49607179e-01  7.50000000e+01  6.49616641e-01 
 7.60000000e+01  6.49604271e-01  7.60000000e+01  6.49613723e-01 
 7.70000000e+01  6.49601832e-01  7.70000000e+01  6.49611269e-01 
 7.80000000e+01  6.49599882e-01  7.80000000e+01  6.49609298e-01 
 7.90000000e+01  6.49598440e-01  7.90000000e+01  6.49607831e-01 
 8.00000000e+01  6.49597529e-01  8.00000000e+01  6.49606889e-01 
 8.10000000e+01  6.49597169e-01  8.10000000e+01  6.49606492e-01 
 8.20000000e+01  6.49597381e-01  8.20000000e+01  6.49606662e-01 
 8.30000000e+01  6.49598187e-01  8.30000000e+01  6.49607421e-01 
 8.40000000e+01  6.49599609e-01  8.40000000e+01  6.49608789e-01 
 8.50000000e+01  6.49601667e-01  8.50000000e+01  6.49610788e-01 
 8.60000000e+01  6.49604385e-01  8.60000000e+01  6.49613441e-01 
 8.70000000e+01  6.49607785e-01  8.70000000e+01  6.49616771e-01 
 8.80000000e+01  6.49611888e-01  8.80000000e+01  6.49620798e-01 
 8.90000000e+01  6.49616719e-01  8.90000000e+01  6.49625547e-01 
 9.00000000e+01  6.49622298e-01  9.00000000e+01  6.49631039e-01 
 9.10000000e+01  6.49628650e-01  9.10000000e+01  6.49637298e-01 
 9.20000000e+01  6.49635798e-01  9.20000000e+01  6.49644347e-01 
 9.30000000e+01  6.49643764e-01  9.30000000e+01  6.49652208e-01 
 9.40000000e+01  6.49652571e-01  9.40000000e+01  6.49660906e-01 
 9.50000000e+01  6.49662244e-01  9.50000000e+01  6.49670463e-01 
 9.60000000e+01  6.49672804e-01  9.60000000e+01  6.49680903e-01 
 9.70000000e+01  6.49684276e-01  9.70000000e+01  6.49692249e-01 
 9.80000000e+01  6.49696683e-01  9.80000000e+01  6.49704524e-01 
 9.90000000e+01  6.49710048e-01  9.90000000e+01  6.49717753e-01 
 1.00000000e+02  6.49724395e-01  1.00000000e+02  6.49731957e-01 
 1.01000000e+02  6.49739747e-01  1.01000000e+02  6.49747162e-01 
 1.02000000e+02  6.49756126e-01  1.02000000e+02  6.49763390e-01 
 1.03000000e+02  6.49773556e-01  1.03000000e+02  6.49780664e-01 
 1.04000000e+02  6.49792061e-01  1.04000000e+02  6.49799007e-01 
 1.05000000e+02  6.49811662e-01  1.05000000e+02  6.49818444e-01 
 1.06000000e+02  6.49832383e-01  1.06000000e+02  6.49838995e-01 
 1.07000000e+02  6.49854247e-01  1.07000000e+02  6.49860685e-01 
 1.08000000e+02  6.49877275e-01  1.08000000e+02  6.49883536e-01 
 1.09000000e+02  6.49901490e-01  1.09000000e+02  6.49907570e-01 
 1.10000000e+02  6.49926914e-01  1.10000000e+02  6.49932810e-01 
 1.11000000e+02  6.49953569e-01  1.11000000e+02  6.49959278e-01 
 1.12000000e+02  6.49981476e-01  1.12000000e+02  6.49986996e-01 
 1.13000000e+02  6.50010658e-01  1.13000000e+02  6.50015985e-01 
 1.14000000e+02  6.50041134e-01  1.14000000e+02  6.50046267e-01 
 1.15000000e+02  6.50072927e-01  1.15000000e+02  6.50077864e-01 
 1.16000000e+02  6.50106056e-01  1.16000000e+02  6.50110796e-01 
 1.17000000e+02  6.50140544e-01  1.17000000e+02  6.50145085e-01 
 1.18000000e+02  6.50176408e-01  1.18000000e+02  6.50180751e-01 
 1.19000000e+02  6.50213671e-01  1.19000000e+02  6.50217814e-01 
 1.20000000e+02  6.50252351e-01  1.20000000e+02  6.50256296e-01 
 1.21000000e+02  6.50292469e-01  1.21000000e+02  6.50296215e-01 
 1.22000000e+02  6.50334043e-01  1.22000000e+02  6.50337592e-01 
 1.23000000e+02  6.50377092e-01  1.23000000e+02  6.50380447e-01 
 1.24000000e+02  6.50421636e-01  1.24000000e+02  6.50424799e-01 
 1.25000000e+02  6.50467693e-01  1.25000000e+02  6.50470668e-01 
 1.26000000e+02  6.50515282e-01  1.26000000e+02  6.50518072e-01 
 1.27000000e+02  6.50564421e-01  1.27000000e+02  6.50567030e-01 
 1.28000000e+02  6.50615128e-01  1.28000000e+02  6.50617562e-01 
 1.29000000e+02  6.50667421e-01  1.29000000e+02  6.50669685e-01 
 1.30000000e+02  6.50721318e-01  1.30000000e+02  6.50723419e-01 
 1.31000000e+02  6.50776836e-01  1.31000000e+02  6.50778782e-01 
 1.32000000e+02  6.50833992e-01  1.32000000e+02  6.50835792e-01 
 1.33000000e+02  6.50892804e-01  1.33000000e+02  6.50894468e-01 
 1.34000000e+02  6.50953289e-01  1.34000000e+02  6.50954826e-01 
 1.35000000e+02  6.51015464e-01  1.35000000e+02  6.51016887e-01 
 1.36000000e+02  6.51079345e-01  1.36000000e+02  6.51080667e-01 
 1.37000000e+02  6.51144949e-01  1.37000000e+02  6.51146184e-01 
 1.38000000e+02  6.51212293e-01  1.38000000e+02  6.51213456e-01 
 1.39000000e+02  6.51281394e-01  1.39000000e+02  6.51282502e-01 
 1.40000000e+02  6.51352267e-01  1.40000000e+02  6.51353338e-01 
 1.41000000e+02  6.51424929e-01  1.41000000e+02  6.51425983e-01 
 1.42000000e+02  6.51499396e-01  1.42000000e+02  6.51500455e-01 
 1.43000000e+02  6.51575684e-01  1.43000000e+02  6.51576770e-01 
 1.44000000e+02  6.51653810e-01  1.44000000e+02  6.51654949e-01 
 1.45000000e+02  6.51733788e-01  1.45000000e+02  6.51735007e-01 
 1.46000000e+02  6.51815636e-01  1.46000000e+02  6.51816964e-01 
 1.47000000e+02  6.51899368e-01  1.47000000e+02  6.51900837e-01 
 1.48000000e+02  6.51985001e-01  1.48000000e+02  6.51986644e-01 
 1.49000000e+02  6.52072551e-01  1.49000000e+02  6.52074405e-01 
 1.50000000e+02  6.52162032e-01  1.50000000e+02  6.52164137e-01 
