-5.00000000e+01  6.47806733e-01 -5.00000000e+01  6.47806969e-01 
-4.90000000e+01  6.47797747e-01 -4.90000000e+01  6.47797997e-01 
-4.80000000e+01  6.47880322e-01 -4.80000000e+01  6.47880585e-01 
-4.70000000e+01  6.47917064e-01 -4.70000000e+01  6.47917342e-01 
-4.60000000e+01  6.47952523e-01 -4.60000000e+01  6.47952816e-01 
-4.50000000e+01  6.47986992e-01 -4.50000000e+01  6.47987301e-01 
-4.40000000e+01  6.48020680e-01 -4.40000000e+01  6.48021005e-01 
-4.30000000e+01  6.48053592e-01 -4.30000000e+01  6.48053934e-01 
-4.20000000e+01  6.48085734e-01 -4.20000000e+01  6.48086093e-01 
-4.10000000e+01  6.48117111e-01 -4.10000000e+01  6.48117488e-01 
-4.00000000e+01  6.48147728e-01 -4.00000000e+01  6.48148124e-01 
-3.90000000e+01  6.48177591e-01 -3.90000000e+01  6.48178007e-01 
-3.80000000e+01  6.48206706e-01 -3.80000000e+01  6.48207141e-01 
-3.70000000e+01  6.48235078e-01 -3.70000000e+01  6.48235534e-01 
-3.60000000e+01  6.48262712e-01 -3.60000000e+01  6.48263190e-01 
-3.50000000e+01  6.48289615e-01 -3.50000000e+01  6.48290114e-01 
-3.40000000e+01  6.48315793e-01 -3.40000000e+01  6.48316314e-01 
-3.30000000e+01  6.48341250e-01 -3.30000000e+01  6.48341794e-01 
-3.20000000e+01  6.48365993e-01 -3.20000000e+01  6.48366561e-01 
-3.10000000e+01  6.48390027e-01 -3.10000000e+01  6.48390620e-01 
-3.00000000e+01  6.48413359e-01 -3.00000000e+01  6.48413977e-01 
-2.90000000e+01  6.48435995e-01 -2.90000000e+01  6.48436639e-01 
-2.80000000e+01  6.48457941e-01 -2.80000000e+01  6.48458611e-01 
-2.70000000e+01  6.48479202e-01 -2.70000000e+01  6.48479899e-01 
-2.60000000e+01  6.48499785e-01 -2.60000000e+01  6.48500509e-01 
-2.50000000e+01  6.48519696e-01 -2.50000000e+01  6.48520449e-01 
-2.40000000e+01  6.48538942e-01 -2.40000000e+01  6.48539723e-01 
-2.30000000e+01  6.48557528e-01 -2.30000000e+01  6.48558338e-01 
-2.20000000e+01  6.48575460e-01 -2.20000000e+01  6.48576301e-01 
-2.10000000e+01  6.48592747e-01 -2.10000000e+01  6.48593617e-01 
-2.00000000e+01  6.48609392e-01 -2.00000000e+01  6.48610294e-01 
-1.90000000e+01  6.48625404e-01 -1.90000000e+01  6.48626337e-01 
-1.80000000e+01  6.48640789e-01 -1.80000000e+01  6.48641753e-01 
-1.70000000e+01  6.48655553e-01 -1.70000000e+01  6.48656550e-01 
-1.60000000e+01  6.48669702e-01 -1.60000000e+01  6.48670732e-01 
-1.50000000e+01  6.48683245e-01 -1.50000000e+01  6.48684307e-01 
-1.40000000e+01  6.48696187e-01 -1.40000000e+01  6.48697283e-01 
-1.30000000e+01  6.48708535e-01 -1.30000000e+01  6.48709664e-01 
-1.20000000e+01  6.48720296e-01 -1.20000000e+01  6.48721459e-01 
-1.10000000e+01  6.48731477e-01 -1.10000000e+01  6.48732674e-01 
-1.00000000e+01  6.48742084e-01 -1.00000000e+01  6.48743316e-01 
-9.00000000e+00  6.48752126e-01 -9.00000000e+00  6.48753393e-01 
-8.00000000e+00  6.48761609e-01 -8.00000000e+00  6.48762910e-01 
-7.00000000e+00  6.48770541e-01 -7.00000000e+00  6.48771876e-01 
-6.00000000e+00  6.48778927e-01 -6.00000000e+00  6.48780297e-01 
-5.00000000e+00  6.48786777e-01 -5.00000000e+00  6.48788181e-01 
-4.00000000e+00  6.48794097e-01 -4.00000000e+00  6.48795535e-01 
-3.00000000e+00  6.48800894e-01 -3.00000000e+00  6.48802367e-01 
-2.00000000e+00  6.48807177e-01 -2.00000000e+00  6.48808683e-01 
-1.00000000e+00  6.48812952e-01 -1.00000000e+00  6.48814492e-01 
 0.00000000e+00  6.48818227e-01  0.00000000e+00  6.48819800e-01 
 1.00000000e+00  6.48823011e-01  1.00000000e+00  6.48824616e-01 
 2.00000000e+00  6.48827310e-01  2.00000000e+00  6.48828947e-01 
 3.00000000e+00  6.48831133e-01  3.00000000e+00  6.48832802e-01 
 4.00000000e+00  6.48834487e-01  4.00000000e+00  6.48836187e-01 
 5.00000000e+00  6.48837381e-01  5.00000000e+00  6.48839110e-01 
 6.00000000e+00  6.48839823e-01  6.00000000e+00  6.48841581e-01 
 7.00000000e+00  6.48841821e-01  7.00000000e+00  6.48843606e-01 
 8.00000000e+00  6.48843382e-01  8.00000000e+00  6.48845195e-01 
 9.00000000e+00  6.48844516e-01  9.00000000e+00  6.48846354e-01 
 1.00000000e+01  6.48845231e-01  1.00000000e+01  6.48847093e-01 
 1.10000000e+01  6.48845535e-01  1.10000000e+01  6.48847420e-01 
 1.20000000e+01  6.48845437e-01  1.20000000e+01  6.48847344e-01 
 1.30000000e+01  6.48844945e-01  1.30000000e+01  6.48846872e-01 
 1.40000000e+01  6.48844069e-01  1.40000000e+01  6.48846013e-01 
 1.50000000e+01  6.48842817e-01  1.50000000e+01  6.48844777e-01 
 1.60000000e+01  6.48841197e-01  1.60000000e+01  6.48843172e-01 
 1.70000000e+01  6.48839220e-01  1.70000000e+01  6.48841207e-01 
 1.80000000e+01  6.48836894e-01  1.80000000e+01  6.48838890e-01 
 1.90000000e+01  6.48834228e-01  1.90000000e+01  6.48836232e-01 
 2.00000000e+01  6.48831232e-01  2.00000000e+01  6.48833241e-01 
 2.10000000e+01  6.48827915e-01  2.10000000e+01  6.48829926e-01 
 2.20000000e+01  6.48824286e-01  2.20000000e+01  6.48826296e-01 
 2.30000000e+01  6.48820355e-01  2.30000000e+01  6.48822362e-01 
 2.40000000e+01  6.48816132e-01  2.40000000e+01  6.48818133e-01 
 2.50000000e+01  6.48811627e-01  2.50000000e+01  6.48813618e-01 
 2.60000000e+01  6.48806849e-01  2.60000000e+01  6.48808827e-01 
 2.70000000e+01  6.48801809e-01  2.70000000e+01  6.48803770e-01 
 2.80000000e+01  6.48796516e-01  2.80000000e+01  6.48798457e-01 
 2.90000000e+01  6.48790982e-01  2.90000000e+01  6.48792899e-01 
 3.00000000e+01  6.48785215e-01  3.00000000e+01  6.48787104e-01 
 3.10000000e+01  6.48779227e-01  3.10000000e+01  6.48781084e-01 
 3.20000000e+01  6.48773028e-01  3.20000000e+01  6.48774848e-01 
 3.30000000e+01  6.48766629e-01  3.30000000e+01  6.48768408e-01 
 3.40000000e+01  6.48760041e-01  3.40000000e+01  6.48761775e-01 
 3.50000000e+01  6.48753275e-01  3.50000000e+01  6.48754958e-01 
 3.60000000e+01  6.48746341e-01  3.60000000e+01  6.48747968e-01 
 3.70000000e+01  6.48739251e-01  3.70000000e+01  6.48740818e-01 
 3.80000000e+01  6.48732017e-01  3.80000000e+01  6.48733517e-01 
 3.90000000e+01  6.48724649e-01  3.90000000e+01  6.48726078e-01 
 4.00000000e+01  6.48717159e-01  4.00000000e+01  6.48718511e-01 
 4.10000000e+01  6.48709559e-01  4.10000000e+01  6.48710828e-01 
 4.20000000e+01  6.48701862e-01  4.20000000e+01  6.48703041e-01 
 4.30000000e+01  6.48694078e-01  4.30000000e+01  6.48695161e-01 
 4.40000000e+01  6.48686220e-01  4.40000000e+01  6.48687202e-01 
 4.50000000e+01  6.48678300e-01  4.50000000e+01  6.48679173e-01 
 4.60000000e+01  6.48670331e-01  4.60000000e+01  6.48671089e-01 
 4.70000000e+01  6.48662326e-01  4.70000000e+01  6.48662961e-01 
 4.80000000e+01  6.48654297e-01  4.80000000e+01  6.48654803e-01 
 4.90000000e+01  6.48646257e-01  4.90000000e+01  6.48646626e-01 
 5.00000000e+01  6.48638219e-01  5.00000000e+01  6.48638443e-01 
 5.10000000e+01  6.48630197e-01  5.10000000e+01  6.48630268e-01 
 5.20000000e+01  6.48622204e-01  5.20000000e+01  6.48622115e-01 
 5.30000000e+01  6.48614253e-01  5.30000000e+01  6.48613995e-01 
 5.40000000e+01  6.48606358e-01  5.40000000e+01  6.48605924e-01 
 5.50000000e+01  6.48598534e-01  5.50000000e+01  6.48597915e-01 
 5.60000000e+01  6.48590795e-01  5.60000000e+01  6.48589981e-01 
 5.70000000e+01  6.48583154e-01  5.70000000e+01  6.48582138e-01 
 5.80000000e+01  6.48575627e-01  5.80000000e+01  6.48574398e-01 
 5.90000000e+01  6.48568228e-01  5.90000000e+01  6.48566778e-01 
 6.00000000e+01  6.48560973e-01  6.00000000e+01  6.48559292e-01 
 6.10000000e+01  6.48553875e-01  6.10000000e+01  6.48551954e-01 
 6.20000000e+01  6.48546952e-01  6.20000000e+01  6.48544780e-01 
 6.30000000e+01  6.48540217e-01  6.30000000e+01  6.48537785e-01 
 6.40000000e+01  6.48533688e-01  6.40000000e+01  6.48530986e-01 
 6.50000000e+01  6.48527380e-01  6.50000000e+01  6.48524397e-01 
 6.60000000e+01  6.48521310e-01  6.60000000e+01  6.48518035e-01 
 6.70000000e+01  6.48515494e-01  6.70000000e+01  6.48511917e-01 
 6.80000000e+01  6.48509948e-01  6.80000000e+01  6.48506058e-01 
 6.90000000e+01  6.48504690e-01  6.90000000e+01  6.48500476e-01 
 7.00000000e+01  6.48499737e-01  7.00000000e+01  6.48495188e-01 
 7.10000000e+01  6.48495105e-01  7.10000000e+01  6.48490210e-01 
 7.20000000e+01  6.48490814e-01  7.20000000e+01  6.48485561e-01 
 7.30000000e+01  6.48486881e-01  7.30000000e+01  6.48481258e-01 
 7.40000000e+01  6.48483324e-01  7.40000000e+01  6.48477320e-01 
 7.50000000e+01  6.48480161e-01  7.50000000e+01  6.48473764e-01 
 7.60000000e+01  6.48477411e-01  7.60000000e+01  6.48470608e-01 
 7.70000000e+01  6.48475094e-01  7.70000000e+01  6.48467873e-01 
 7.80000000e+01  6.48473227e-01  7.80000000e+01  6.48465576e-01 
 7.90000000e+01  6.48471830e-01  7.90000000e+01  6.48463737e-01 
 8.00000000e+01  6.48470924e-01  8.00000000e+01  6.48462376e-01 
 8.10000000e+01  6.48470527e-01  8.10000000e+01  6.48461511e-01 
 8.20000000e+01  6.48470660e-01  8.20000000e+01  6.48461164e-01 
 8.30000000e+01  6.48471343e-01  8.30000000e+01  6.48461353e-01 
 8.40000000e+01  6.48472596e-01  8.40000000e+01  6.48462101e-01 
 8.50000000e+01  6.48474441e-01  8.50000000e+01  6.48463426e-01 
 8.60000000e+01  6.48476898e-01  8.60000000e+01  6.48465350e-01 
 8.70000000e+01  6.48479987e-01  8.70000000e+01  6.48467894e-01 
 8.80000000e+01  6.48483731e-01  8.80000000e+01  6.48471079e-01 
 8.90000000e+01  6.48488150e-01  8.90000000e+01  6.48474926e-01 
 9.00000000e+01  6.48493267e-01  9.00000000e+01  6.48479457e-01 
 9.10000000e+01  6.48499102e-01  9.10000000e+01  6.48484693e-01 
 9.20000000e+01  6.48505678e-01  9.20000000e+01  6.48490656e-01 
 9.30000000e+01  6.48513016e-01  9.30000000e+01  6.48497368e-01 
 9.40000000e+01  6.48521138e-01  9.40000000e+01  6.48504851e-01 
 9.50000000e+01  6.48530067e-01  9.50000000e+01  6.48513127e-01 
 9.60000000e+01  6.48539824e-01  9.60000000e+01  6.48522217e-01 
 9.70000000e+01  6.48550432e-01  9.70000000e+01  6.48532145e-01 
 9.80000000e+01  6.48561913e-01  9.80000000e+01  6.48542932e-01 
 9.90000000e+01  6.48574288e-01  9.90000000e+01  6.48554601e-01 
 1.00000000e+02  6.48587580e-01  1.00000000e+02  6.48567173e-01 
 1.01000000e+02  6.48601812e-01  1.01000000e+02  6.48580671e-01 
 1.02000000e+02  6.48617004e-01  1.02000000e+02  6.48595116e-01 
 1.03000000e+02  6.48633179e-01  1.03000000e+02  6.48610532e-01 
 1.04000000e+02  6.48650360e-01  1.04000000e+02  6.48626939e-01 
 1.05000000e+02  6.48668566e-01  1.05000000e+02  6.48644361e-01 
 1.06000000e+02  6.48687822e-01  1.06000000e+02  6.48662817e-01 
 1.07000000e+02  6.48708146e-01  1.07000000e+02  6.48682331e-01 
 1.08000000e+02  6.48729562e-01  1.08000000e+02  6.48702923e-01 
 1.09000000e+02  6.48752090e-01  1.09000000e+02  6.48724615e-01 
 1.10000000e+02  6.48775752e-01  1.10000000e+02  6.48747428e-01 
 1.11000000e+02  6.48800567e-01  1.11000000e+02  6.48771384e-01 
 1.12000000e+02  6.48826556e-01  1.12000000e+02  6.48796502e-01 
 1.13000000e+02  6.48853741e-01  1.13000000e+02  6.48822803e-01 
 1.14000000e+02  6.48882140e-01  1.14000000e+02  6.48850308e-01 
 1.15000000e+02  6.48911775e-01  1.15000000e+02  6.48879038e-01 
 1.16000000e+02  6.48942663e-01  1.16000000e+02  6.48909011e-01 
 1.17000000e+02  6.48974826e-01  1.17000000e+02  6.48940248e-01 
 1.18000000e+02  6.49008282e-01  1.18000000e+02  6.48972767e-01 
 1.19000000e+02  6.49043049e-01  1.19000000e+02  6.49006590e-01 
 1.20000000e+02  6.49079148e-01  1.20000000e+02  6.49041734e-01 
 1.21000000e+02  6.49116595e-01  1.21000000e+02  6.49078218e-01 
 1.22000000e+02  6.49155410e-01  1.22000000e+02  6.49116061e-01 
 1.23000000e+02  6.49195609e-01  1.23000000e+02  6.49155282e-01 
 1.24000000e+02  6.49237212e-01  1.24000000e+02  6.49195898e-01 
 1.25000000e+02  6.49280234e-01  1.25000000e+02  6.49237928e-01 
 1.26000000e+02  6.49324694e-01  1.26000000e+02  6.49281389e-01 
 1.27000000e+02  6.49370609e-01  1.27000000e+02  6.49326299e-01 
 1.28000000e+02  6.49417994e-01  1.28000000e+02  6.49372676e-01 
 1.29000000e+02  6.49466868e-01  1.29000000e+02  6.49420536e-01 
 1.30000000e+02  6.49517245e-01  1.30000000e+02  6.49469897e-01 
 1.31000000e+02  6.49569143e-01  1.31000000e+02  6.49520775e-01 
 1.32000000e+02  6.49622576e-01  1.32000000e+02  6.49573188e-01 
 1.33000000e+02  6.49677562e-01  1.33000000e+02  6.49627151e-01 
 1.34000000e+02  6.49734115e-01  1.34000000e+02  6.49682682e-01 
 1.35000000e+02  6.49792250e-01  1.35000000e+02  6.49739797e-01 
 1.36000000e+02  6.49851984e-01  1.36000000e+02  6.49798513e-01 
 1.37000000e+02  6.49913331e-01  1.37000000e+02  6.49858844e-01 
 1.38000000e+02  6.49976307e-01  1.38000000e+02  6.49920809e-01 
 1.39000000e+02  6.50040925e-01  1.39000000e+02  6.49984421e-01 
 1.40000000e+02  6.50107201e-01  1.40000000e+02  6.50049699e-01 
 1.41000000e+02  6.50175149e-01  1.41000000e+02  6.50116657e-01 
 1.42000000e+02  6.50244783e-01  1.42000000e+02  6.50185312e-01 
 1.43000000e+02  6.50316119e-01  1.43000000e+02  6.50255679e-01 
 1.44000000e+02  6.50389170e-01  1.44000000e+02  6.50327775e-01 
 1.45000000e+02  6.50463950e-01  1.45000000e+02  6.50401615e-01 
 1.46000000e+02  6.50540473e-01  1.46000000e+02  6.50477216e-01 
 1.47000000e+02  6.50618754e-01  1.47000000e+02  6.50554594e-01 
 1.48000000e+02  6.50698806e-01  1.48000000e+02  6.50633764e-01 
 1.49000000e+02  6.50780643e-01  1.49000000e+02  6.50714743e-01 
 1.50000000e+02  6.50864279e-01  1.50000000e+02  6.50797547e-01 
