-5.00000000e+01  6.50071682e-01 -5.00000000e+01  6.50071682e-01 
-4.90000000e+01  6.50059584e-01 -4.90000000e+01  6.50059584e-01 
-4.80000000e+01  6.50140714e-01 -4.80000000e+01  6.50140714e-01 
-4.70000000e+01  6.50175175e-01 -4.70000000e+01  6.50175175e-01 
-4.60000000e+01  6.50208342e-01 -4.60000000e+01  6.50208342e-01 
-4.50000000e+01  6.50240500e-01 -4.50000000e+01  6.50240500e-01 
-4.40000000e+01  6.50271867e-01 -4.40000000e+01  6.50271867e-01 
-4.30000000e+01  6.50302450e-01 -4.30000000e+01  6.50302450e-01 
-4.20000000e+01  6.50332252e-01 -4.20000000e+01  6.50332252e-01 
-4.10000000e+01  6.50361281e-01 -4.10000000e+01  6.50361282e-01 
-4.00000000e+01  6.50389542e-01 -4.00000000e+01  6.50389543e-01 
-3.90000000e+01  6.50417041e-01 -3.90000000e+01  6.50417042e-01 
-3.80000000e+01  6.50443784e-01 -3.80000000e+01  6.50443786e-01 
-3.70000000e+01  6.50469776e-01 -3.70000000e+01  6.50469779e-01 
-3.60000000e+01  6.50495024e-01 -3.60000000e+01  6.50495027e-01 
-3.50000000e+01  6.50519533e-01 -3.50000000e+01  6.50519537e-01 
-3.40000000e+01  6.50543309e-01 -3.40000000e+01  6.50543314e-01 
-3.30000000e+01  6.50566357e-01 -3.30000000e+01  6.50566364e-01 
-3.20000000e+01  6.50588684e-01 -3.20000000e+01  6.50588692e-01 
-3.10000000e+01  6.50610295e-01 -3.10000000e+01  6.50610304e-01 
-3.00000000e+01  6.50631196e-01 -3.00000000e+01  6.50631205e-01 
-2.90000000e+01  6.50651391e-01 -2.90000000e+01  6.50651402e-01 
-2.80000000e+01  6.50670888e-01 -2.80000000e+01  6.50670899e-01 
-2.70000000e+01  6.50689690e-01 -2.70000000e+01  6.50689702e-01 
-2.60000000e+01  6.50707805e-01 -2.60000000e+01  6.50707818e-01 
-2.50000000e+01  6.50725237e-01 -2.50000000e+01  6.50725251e-01 
-2.40000000e+01  6.50741993e-01 -2.40000000e+01  6.50742008e-01 
-2.30000000e+01  6.50758078e-01 -2.30000000e+01  6.50758094e-01 
-2.20000000e+01  6.50773497e-01 -2.20000000e+01  6.50773514e-01 
-2.10000000e+01  6.50788257e-01 -2.10000000e+01  6.50788275e-01 
-2.00000000e+01  6.50802362e-01 -2.00000000e+01  6.50802382e-01 
-1.90000000e+01  6.50815819e-01 -1.90000000e+01  6.50815840e-01 
-1.80000000e+01  6.50828634e-01 -1.80000000e+01  6.50828656e-01 
-1.70000000e+01  6.50840812e-01 -1.70000000e+01  6.50840835e-01 
-1.60000000e+01  6.50852358e-01 -1.60000000e+01  6.50852383e-01 
-1.50000000e+01  6.50863280e-01 -1.50000000e+01  6.50863305e-01 
-1.40000000e+01  6.50873581e-01 -1.40000000e+01  6.50873608e-01 
-1.30000000e+01  6.50883269e-01 -1.30000000e+01  6.50883297e-01 
-1.20000000e+01  6.50892348e-01 -1.20000000e+01  6.50892378e-01 
-1.10000000e+01  6.50900826e-01 -1.10000000e+01  6.50900857e-01 
-1.00000000e+01  6.50908706e-01 -1.00000000e+01  6.50908739e-01 
-9.00000000e+00  6.50915997e-01 -9.00000000e+00  6.50916031e-01 
-8.00000000e+00  6.50922702e-01 -8.00000000e+00  6.50922738e-01 
-7.00000000e+00  6.50928829e-01 -7.00000000e+00  6.50928867e-01 
-6.00000000e+00  6.50934384e-01 -6.00000000e+00  6.50934423e-01 
-5.00000000e+00  6.50939371e-01 -5.00000000e+00  6.50939412e-01 
-4.00000000e+00  6.50943798e-01 -4.00000000e+00  6.50943841e-01 
-3.00000000e+00  6.50947670e-01 -3.00000000e+00  6.50947714e-01 
-2.00000000e+00  6.50950993e-01 -2.00000000e+00  6.50951040e-01 
-1.00000000e+00  6.50953774e-01 -1.00000000e+00  6.50953822e-01 
 0.00000000e+00  6.50956019e-01  0.00000000e+00  6.50956069e-01 
 1.00000000e+00  6.50957733e-01  1.00000000e+00  6.50957786e-01 
 2.00000000e+00  6.50958924e-01  2.00000000e+00  6.50958979e-01 
 3.00000000e+00  6.50959598e-01  3.00000000e+00  6.50959654e-01 
 4.00000000e+00  6.50959760e-01  4.00000000e+00  6.50959819e-01 
 5.00000000e+00  6.50959418e-01  5.00000000e+00  6.50959479e-01 
 6.00000000e+00  6.50958578e-01  6.00000000e+00  6.50958641e-01 
 7.00000000e+00  6.50957246e-01  7.00000000e+00  6.50957311e-01 
 8.00000000e+00  6.50955429e-01  8.00000000e+00  6.50955497e-01 
 9.00000000e+00  6.50953134e-01  9.00000000e+00  6.50953204e-01 
 1.00000000e+01  6.50950368e-01  1.00000000e+01  6.50950440e-01 
 1.10000000e+01  6.50947137e-01  1.10000000e+01  6.50947211e-01 
 1.20000000e+01  6.50943449e-01  1.20000000e+01  6.50943525e-01 
 1.30000000e+01  6.50939310e-01  1.30000000e+01  6.50939388e-01 
 1.40000000e+01  6.50934727e-01  1.40000000e+01  6.50934808e-01 
 1.50000000e+01  6.50929708e-01  1.50000000e+01  6.50929791e-01 
 1.60000000e+01  6.50924260e-01  1.60000000e+01  6.50924345e-01 
 1.70000000e+01  6.50918391e-01  1.70000000e+01  6.50918478e-01 
 1.80000000e+01  6.50912107e-01  1.80000000e+01  6.50912196e-01 
 1.90000000e+01  6.50905416e-01  1.90000000e+01  6.50905508e-01 
 2.00000000e+01  6.50898327e-01  2.00000000e+01  6.50898421e-01 
 2.10000000e+01  6.50890847e-01  2.10000000e+01  6.50890943e-01 
 2.20000000e+01  6.50882983e-01  2.20000000e+01  6.50883082e-01 
 2.30000000e+01  6.50874745e-01  2.30000000e+01  6.50874845e-01 
 2.40000000e+01  6.50866140e-01  2.40000000e+01  6.50866242e-01 
 2.50000000e+01  6.50857176e-01  2.50000000e+01  6.50857280e-01 
 2.60000000e+01  6.50847862e-01  2.60000000e+01  6.50847968e-01 
 2.70000000e+01  6.50838207e-01  2.70000000e+01  6.50838315e-01 
 2.80000000e+01  6.50828219e-01  2.80000000e+01  6.50828328e-01 
 2.90000000e+01  6.50817908e-01  2.90000000e+01  6.50818018e-01 
 3.00000000e+01  6.50807282e-01  3.00000000e+01  6.50807394e-01 
 3.10000000e+01  6.50796351e-01  3.10000000e+01  6.50796464e-01 
 3.20000000e+01  6.50785123e-01  3.20000000e+01  6.50785238e-01 
 3.30000000e+01  6.50773610e-01  3.30000000e+01  6.50773725e-01 
 3.40000000e+01  6.50761820e-01  3.40000000e+01  6.50761936e-01 
 3.50000000e+01  6.50749763e-01  3.50000000e+01  6.50749880e-01 
 3.60000000e+01  6.50737450e-01  3.60000000e+01  6.50737568e-01 
 3.70000000e+01  6.50724892e-01  3.70000000e+01  6.50725009e-01 
 3.80000000e+01  6.50712097e-01  3.80000000e+01  6.50712215e-01 
 3.90000000e+01  6.50699079e-01  3.90000000e+01  6.50699195e-01 
 4.00000000e+01  6.50685846e-01  4.00000000e+01  6.50685962e-01 
 4.10000000e+01  6.50672411e-01  4.10000000e+01  6.50672527e-01 
 4.20000000e+01  6.50658785e-01  4.20000000e+01  6.50658900e-01 
 4.30000000e+01  6.50644979e-01  4.30000000e+01  6.50645093e-01 
 4.40000000e+01  6.50631006e-01  4.40000000e+01  6.50631118e-01 
 4.50000000e+01  6.50616878e-01  4.50000000e+01  6.50616987e-01 
 4.60000000e+01  6.50602606e-01  4.60000000e+01  6.50602713e-01 
 4.70000000e+01  6.50588203e-01  4.70000000e+01  6.50588308e-01 
 4.80000000e+01  6.50573682e-01  4.80000000e+01  6.50573784e-01 
 4.90000000e+01  6.50559057e-01  4.90000000e+01  6.50559155e-01 
 5.00000000e+01  6.50544339e-01  5.00000000e+01  6.50544433e-01 
 5.10000000e+01  6.50529543e-01  5.10000000e+01  6.50529633e-01 
 5.20000000e+01  6.50514683e-01  5.20000000e+01  6.50514767e-01 
 5.30000000e+01  6.50499771e-01  5.30000000e+01  6.50499850e-01 
 5.40000000e+01  6.50484822e-01  5.40000000e+01  6.50484896e-01 
 5.50000000e+01  6.50469850e-01  5.50000000e+01  6.50469917e-01 
 5.60000000e+01  6.50454870e-01  5.60000000e+01  6.50454930e-01 
 5.70000000e+01  6.50439896e-01  5.70000000e+01  6.50439949e-01 
 5.80000000e+01  6.50424943e-01  5.80000000e+01  6.50424988e-01 
 5.90000000e+01  6.50410026e-01  5.90000000e+01  6.50410062e-01 
 6.00000000e+01  6.50395160e-01  6.00000000e+01  6.50395186e-01 
 6.10000000e+01  6.50380360e-01  6.10000000e+01  6.50380376e-01 
 6.20000000e+01  6.50365641e-01  6.20000000e+01  6.50365646e-01 
 6.30000000e+01  6.50351019e-01  6.30000000e+01  6.50351013e-01 
 6.40000000e+01  6.50336509e-01  6.40000000e+01  6.50336491e-01 
 6.50000000e+01  6.50322127e-01  6.50000000e+01  6.50322096e-01 
 6.60000000e+01  6.50307888e-01  6.60000000e+01  6.50307843e-01 
 6.70000000e+01  6.50293809e-01  6.70000000e+01  6.50293749e-01 
 6.80000000e+01  6.50279904e-01  6.80000000e+01  6.50279828e-01 
 6.90000000e+01  6.50266189e-01  6.90000000e+01  6.50266097e-01 
 7.00000000e+01  6.50252681e-01  7.00000000e+01  6.50252571e-01 
 7.10000000e+01  6.50239394e-01  7.10000000e+01  6.50239266e-01 
 7.20000000e+01  6.50226344e-01  7.20000000e+01  6.50226197e-01 
 7.30000000e+01  6.50213547e-01  7.30000000e+01  6.50213379e-01 
 7.40000000e+01  6.50201018e-01  7.40000000e+01  6.50200828e-01 
 7.50000000e+01  6.50188771e-01  7.50000000e+01  6.50188559e-01 
 7.60000000e+01  6.50176823e-01  7.60000000e+01  6.50176588e-01 
 7.70000000e+01  6.50165188e-01  7.70000000e+01  6.50164928e-01 
 7.80000000e+01  6.50153881e-01  7.80000000e+01  6.50153595e-01 
 7.90000000e+01  6.50142916e-01  7.90000000e+01  6.50142603e-01 
 8.00000000e+01  6.50132308e-01  8.00000000e+01  6.50131966e-01 
 8.10000000e+01  6.50122072e-01  8.10000000e+01  6.50121700e-01 
 8.20000000e+01  6.50112220e-01  8.20000000e+01  6.50111817e-01 
 8.30000000e+01  6.50102767e-01  8.30000000e+01  6.50102331e-01 
 8.40000000e+01  6.50093726e-01  8.40000000e+01  6.50093257e-01 
 8.50000000e+01  6.50085110e-01  8.50000000e+01  6.50084606e-01 
 8.60000000e+01  6.50076933e-01  8.60000000e+01  6.50076392e-01 
 8.70000000e+01  6.50069207e-01  8.70000000e+01  6.50068628e-01 
 8.80000000e+01  6.50061945e-01  8.80000000e+01  6.50061327e-01 
 8.90000000e+01  6.50055158e-01  8.90000000e+01  6.50054499e-01 
 9.00000000e+01  6.50048860e-01  9.00000000e+01  6.50048158e-01 
 9.10000000e+01  6.50043061e-01  9.10000000e+01  6.50042315e-01 
 9.20000000e+01  6.50037773e-01  9.20000000e+01  6.50036981e-01 
 9.30000000e+01  6.50033007e-01  9.30000000e+01  6.50032168e-01 
 9.40000000e+01  6.50028775e-01  9.40000000e+01  6.50027887e-01 
 9.50000000e+01  6.50025087e-01  9.50000000e+01  6.50024147e-01 
 9.60000000e+01  6.50021953e-01  9.60000000e+01  6.50020961e-01 
 9.70000000e+01  6.50019384e-01  9.70000000e+01  6.50018338e-01 
 9.80000000e+01  6.50017389e-01  9.80000000e+01  6.50016287e-01 
 9.90000000e+01  6.50015980e-01  9.90000000e+01  6.50014820e-01 
 1.00000000e+02  6.50015165e-01  1.00000000e+02  6.50013945e-01 
 1.01000000e+02  6.50014954e-01  1.01000000e+02  6.50013672e-01 
 1.02000000e+02  6.50015356e-01  1.02000000e+02  6.50014011e-01 
 1.03000000e+02  6.50016380e-01  1.03000000e+02  6.50014970e-01 
 1.04000000e+02  6.50018036e-01  1.04000000e+02  6.50016559e-01 
 1.05000000e+02  6.50020333e-01  1.05000000e+02  6.50018785e-01 
 1.06000000e+02  6.50023278e-01  1.06000000e+02  6.50021659e-01 
 1.07000000e+02  6.50026880e-01  1.07000000e+02  6.50025189e-01 
 1.08000000e+02  6.50031149e-01  1.08000000e+02  6.50029382e-01 
 1.09000000e+02  6.50036092e-01  1.09000000e+02  6.50034248e-01 
 1.10000000e+02  6.50041718e-01  1.10000000e+02  6.50039795e-01 
 1.11000000e+02  6.50048035e-01  1.11000000e+02  6.50046030e-01 
 1.12000000e+02  6.50055051e-01  1.12000000e+02  6.50052963e-01 
 1.13000000e+02  6.50062774e-01  1.13000000e+02  6.50060600e-01 
 1.14000000e+02  6.50071213e-01  1.14000000e+02  6.50068951e-01 
 1.15000000e+02  6.50080375e-01  1.15000000e+02  6.50078023e-01 
 1.16000000e+02  6.50090267e-01  1.16000000e+02  6.50087825e-01 
 1.17000000e+02  6.50100899e-01  1.17000000e+02  6.50098363e-01 
 1.18000000e+02  6.50112278e-01  1.18000000e+02  6.50109646e-01 
 1.19000000e+02  6.50124412e-01  1.19000000e+02  6.50121682e-01 
 1.20000000e+02  6.50137309e-01  1.20000000e+02  6.50134479e-01 
 1.21000000e+02  6.50150976e-01  1.21000000e+02  6.50148045e-01 
 1.22000000e+02  6.50165422e-01  1.22000000e+02  6.50162387e-01 
 1.23000000e+02  6.50180655e-01  1.23000000e+02  6.50177513e-01 
 1.24000000e+02  6.50196682e-01  1.24000000e+02  6.50193433e-01 
 1.25000000e+02  6.50213511e-01  1.25000000e+02  6.50210152e-01 
 1.26000000e+02  6.50231151e-01  1.26000000e+02  6.50227680e-01 
 1.27000000e+02  6.50249609e-01  1.27000000e+02  6.50246025e-01 
 1.28000000e+02  6.50268893e-01  1.28000000e+02  6.50265194e-01 
 1.29000000e+02  6.50289012e-01  1.29000000e+02  6.50285197e-01 
 1.30000000e+02  6.50309974e-01  1.30000000e+02  6.50306040e-01 
 1.31000000e+02  6.50331786e-01  1.31000000e+02  6.50327732e-01 
 1.32000000e+02  6.50354457e-01  1.32000000e+02  6.50350282e-01 
 1.33000000e+02  6.50377996e-01  1.33000000e+02  6.50373697e-01 
 1.34000000e+02  6.50402410e-01  1.34000000e+02  6.50397987e-01 
 1.35000000e+02  6.50427708e-01  1.35000000e+02  6.50423160e-01 
 1.36000000e+02  6.50453899e-01  1.36000000e+02  6.50449224e-01 
 1.37000000e+02  6.50480990e-01  1.37000000e+02  6.50476187e-01 
 1.38000000e+02  6.50508991e-01  1.38000000e+02  6.50504059e-01 
 1.39000000e+02  6.50537910e-01  1.39000000e+02  6.50532849e-01 
 1.40000000e+02  6.50567755e-01  1.40000000e+02  6.50562564e-01 
 1.41000000e+02  6.50598536e-01  1.41000000e+02  6.50593215e-01 
 1.42000000e+02  6.50630261e-01  1.42000000e+02  6.50624809e-01 
 1.43000000e+02  6.50662939e-01  1.43000000e+02  6.50657357e-01 
 1.44000000e+02  6.50696579e-01  1.44000000e+02  6.50690866e-01 
 1.45000000e+02  6.50731189e-01  1.45000000e+02  6.50725346e-01 
 1.46000000e+02  6.50766779e-01  1.46000000e+02  6.50760807e-01 
 1.47000000e+02  6.50803358e-01  1.47000000e+02  6.50797258e-01 
 1.48000000e+02  6.50840935e-01  1.48000000e+02  6.50834707e-01 
 1.49000000e+02  6.50879519e-01  1.49000000e+02  6.50873166e-01 
 1.50000000e+02  6.50919119e-01  1.50000000e+02  6.50912642e-01 
