-5.00000000e+01  6.49561119e-01 -5.00000000e+01  6.49561145e-01 
-4.90000000e+01  6.49549883e-01 -4.90000000e+01  6.49549911e-01 
-4.80000000e+01  6.49631554e-01 -4.80000000e+01  6.49631584e-01 
-4.70000000e+01  6.49666700e-01 -4.70000000e+01  6.49666733e-01 
-4.60000000e+01  6.49700545e-01 -4.60000000e+01  6.49700580e-01 
-4.50000000e+01  6.49733374e-01 -4.50000000e+01  6.49733412e-01 
-4.40000000e+01  6.49765404e-01 -4.40000000e+01  6.49765445e-01 
-4.30000000e+01  6.49796641e-01 -4.30000000e+01  6.49796684e-01 
-4.20000000e+01  6.49827090e-01 -4.20000000e+01  6.49827136e-01 
-4.10000000e+01  6.49856757e-01 -4.10000000e+01  6.49856806e-01 
-4.00000000e+01  6.49885647e-01 -4.00000000e+01  6.49885700e-01 
-3.90000000e+01  6.49913768e-01 -3.90000000e+01  6.49913824e-01 
-3.80000000e+01  6.49941123e-01 -3.80000000e+01  6.49941183e-01 
-3.70000000e+01  6.49967720e-01 -3.70000000e+01  6.49967784e-01 
-3.60000000e+01  6.49993563e-01 -3.60000000e+01  6.49993631e-01 
-3.50000000e+01  6.50018659e-01 -3.50000000e+01  6.50018731e-01 
-3.40000000e+01  6.50043013e-01 -3.40000000e+01  6.50043089e-01 
-3.30000000e+01  6.50066631e-01 -3.30000000e+01  6.50066711e-01 
-3.20000000e+01  6.50089518e-01 -3.20000000e+01  6.50089603e-01 
-3.10000000e+01  6.50111680e-01 -3.10000000e+01  6.50111771e-01 
-3.00000000e+01  6.50133124e-01 -3.00000000e+01  6.50133219e-01 
-2.90000000e+01  6.50153854e-01 -2.90000000e+01  6.50153954e-01 
-2.80000000e+01  6.50173876e-01 -2.80000000e+01  6.50173982e-01 
-2.70000000e+01  6.50193196e-01 -2.70000000e+01  6.50193308e-01 
-2.60000000e+01  6.50211819e-01 -2.60000000e+01  6.50211937e-01 
-2.50000000e+01  6.50229752e-01 -2.50000000e+01  6.50229877e-01 
-2.40000000e+01  6.50247000e-01 -2.40000000e+01  6.50247131e-01 
-2.30000000e+01  6.50263569e-01 -2.30000000e+01  6.50263706e-01 
-2.20000000e+01  6.50279464e-01 -2.20000000e+01  6.50279608e-01 
-2.10000000e+01  6.50294691e-01 -2.10000000e+01  6.50294843e-01 
-2.00000000e+01  6.50309256e-01 -2.00000000e+01  6.50309415e-01 
-1.90000000e+01  6.50323164e-01 -1.90000000e+01  6.50323331e-01 
-1.80000000e+01  6.50336422e-01 -1.80000000e+01  6.50336597e-01 
-1.70000000e+01  6.50349035e-01 -1.70000000e+01  6.50349218e-01 
-1.60000000e+01  6.50361009e-01 -1.60000000e+01  6.50361200e-01 
-1.50000000e+01  6.50372349e-01 -1.50000000e+01  6.50372549e-01 
-1.40000000e+01  6.50383061e-01 -1.40000000e+01  6.50383271e-01 
-1.30000000e+01  6.50393152e-01 -1.30000000e+01  6.50393371e-01 
-1.20000000e+01  6.50402627e-01 -1.20000000e+01  6.50402855e-01 
-1.10000000e+01  6.50411491e-01 -1.10000000e+01  6.50411730e-01 
-1.00000000e+01  6.50419751e-01 -1.00000000e+01  6.50420000e-01 
-9.00000000e+00  6.50427413e-01 -9.00000000e+00  6.50427673e-01 
-8.00000000e+00  6.50434483e-01 -8.00000000e+00  6.50434753e-01 
-7.00000000e+00  6.50440966e-01 -7.00000000e+00  6.50441247e-01 
-6.00000000e+00  6.50446868e-01 -6.00000000e+00  6.50447161e-01 
-5.00000000e+00  6.50452196e-01 -5.00000000e+00  6.50452501e-01 
-4.00000000e+00  6.50456955e-01 -4.00000000e+00  6.50457272e-01 
-3.00000000e+00  6.50461152e-01 -3.00000000e+00  6.50461482e-01 
-2.00000000e+00  6.50464793e-01 -2.00000000e+00  6.50465135e-01 
-1.00000000e+00  6.50467884e-01 -1.00000000e+00  6.50468238e-01 
 0.00000000e+00  6.50470430e-01  0.00000000e+00  6.50470798e-01 
 1.00000000e+00  6.50472439e-01  1.00000000e+00  6.50472820e-01 
 2.00000000e+00  6.50473916e-01  2.00000000e+00  6.50474311e-01 
 3.00000000e+00  6.50474868e-01  3.00000000e+00  6.50475276e-01 
 4.00000000e+00  6.50475300e-01  4.00000000e+00  6.50475723e-01 
 5.00000000e+00  6.50475221e-01  5.00000000e+00  6.50475658e-01 
 6.00000000e+00  6.50474635e-01  6.00000000e+00  6.50475087e-01 
 7.00000000e+00  6.50473550e-01  7.00000000e+00  6.50474017e-01 
 8.00000000e+00  6.50471972e-01  8.00000000e+00  6.50472454e-01 
 9.00000000e+00  6.50469907e-01  9.00000000e+00  6.50470405e-01 
 1.00000000e+01  6.50467362e-01  1.00000000e+01  6.50467876e-01 
 1.10000000e+01  6.50464345e-01  1.10000000e+01  6.50464874e-01 
 1.20000000e+01  6.50460861e-01  1.20000000e+01  6.50461406e-01 
 1.30000000e+01  6.50456917e-01  1.30000000e+01  6.50457479e-01 
 1.40000000e+01  6.50452521e-01  1.40000000e+01  6.50453099e-01 
 1.50000000e+01  6.50447680e-01  1.50000000e+01  6.50448274e-01 
 1.60000000e+01  6.50442400e-01  1.60000000e+01  6.50443011e-01 
 1.70000000e+01  6.50436688e-01  1.70000000e+01  6.50437316e-01 
 1.80000000e+01  6.50430553e-01  1.80000000e+01  6.50431197e-01 
 1.90000000e+01  6.50424000e-01  1.90000000e+01  6.50424662e-01 
 2.00000000e+01  6.50417038e-01  2.00000000e+01  6.50417716e-01 
 2.10000000e+01  6.50409674e-01  2.10000000e+01  6.50410369e-01 
 2.20000000e+01  6.50401916e-01  2.20000000e+01  6.50402628e-01 
 2.30000000e+01  6.50393770e-01  2.30000000e+01  6.50394499e-01 
 2.40000000e+01  6.50385245e-01  2.40000000e+01  6.50385992e-01 
 2.50000000e+01  6.50376350e-01  2.50000000e+01  6.50377113e-01 
 2.60000000e+01  6.50367090e-01  2.60000000e+01  6.50367870e-01 
 2.70000000e+01  6.50357476e-01  2.70000000e+01  6.50358273e-01 
 2.80000000e+01  6.50347514e-01  2.80000000e+01  6.50348328e-01 
 2.90000000e+01  6.50337214e-01  2.90000000e+01  6.50338044e-01 
 3.00000000e+01  6.50326583e-01  3.00000000e+01  6.50327429e-01 
 3.10000000e+01  6.50315630e-01  3.10000000e+01  6.50316492e-01 
 3.20000000e+01  6.50304364e-01  3.20000000e+01  6.50305242e-01 
 3.30000000e+01  6.50292793e-01  3.30000000e+01  6.50293687e-01 
 3.40000000e+01  6.50280927e-01  3.40000000e+01  6.50281836e-01 
 3.50000000e+01  6.50268774e-01  3.50000000e+01  6.50269698e-01 
 3.60000000e+01  6.50256344e-01  3.60000000e+01  6.50257283e-01 
 3.70000000e+01  6.50243646e-01  3.70000000e+01  6.50244599e-01 
 3.80000000e+01  6.50230690e-01  3.80000000e+01  6.50231656e-01 
 3.90000000e+01  6.50217485e-01  3.90000000e+01  6.50218464e-01 
 4.00000000e+01  6.50204041e-01  4.00000000e+01  6.50205033e-01 
 4.10000000e+01  6.50190368e-01  4.10000000e+01  6.50191372e-01 
 4.20000000e+01  6.50176477e-01  4.20000000e+01  6.50177492e-01 
 4.30000000e+01  6.50162377e-01  4.30000000e+01  6.50163403e-01 
 4.40000000e+01  6.50148079e-01  4.40000000e+01  6.50149116e-01 
 4.50000000e+01  6.50133595e-01  4.50000000e+01  6.50134641e-01 
 4.60000000e+01  6.50118934e-01  4.60000000e+01  6.50119988e-01 
 4.70000000e+01  6.50104109e-01  4.70000000e+01  6.50105171e-01 
 4.80000000e+01  6.50089129e-01  4.80000000e+01  6.50090198e-01 
 4.90000000e+01  6.50074008e-01  4.90000000e+01  6.50075083e-01 
 5.00000000e+01  6.50058757e-01  5.00000000e+01  6.50059837e-01 
 5.10000000e+01  6.50043387e-01  5.10000000e+01  6.50044471e-01 
 5.20000000e+01  6.50027912e-01  5.20000000e+01  6.50028998e-01 
 5.30000000e+01  6.50012342e-01  5.30000000e+01  6.50013430e-01 
 5.40000000e+01  6.49996692e-01  5.40000000e+01  6.49997781e-01 
 5.50000000e+01  6.49980974e-01  5.50000000e+01  6.49982062e-01 
 5.60000000e+01  6.49965201e-01  5.60000000e+01  6.49966287e-01 
 5.70000000e+01  6.49949387e-01  5.70000000e+01  6.49950469e-01 
 5.80000000e+01  6.49933544e-01  5.80000000e+01  6.49934622e-01 
 5.90000000e+01  6.49917688e-01  5.90000000e+01  6.49918760e-01 
 6.00000000e+01  6.49901832e-01  6.00000000e+01  6.49902896e-01 
 6.10000000e+01  6.49885991e-01  6.10000000e+01  6.49887046e-01 
 6.20000000e+01  6.49870179e-01  6.20000000e+01  6.49871223e-01 
 6.30000000e+01  6.49854411e-01  6.30000000e+01  6.49855442e-01 
 6.40000000e+01  6.49838702e-01  6.40000000e+01  6.49839719e-01 
 6.50000000e+01  6.49823068e-01  6.50000000e+01  6.49824069e-01 
 6.60000000e+01  6.49807523e-01  6.60000000e+01  6.49808506e-01 
 6.70000000e+01  6.49792085e-01  6.70000000e+01  6.49793048e-01 
 6.80000000e+01  6.49776769e-01  6.80000000e+01  6.49777710e-01 
 6.90000000e+01  6.49761590e-01  6.90000000e+01  6.49762508e-01 
 7.00000000e+01  6.49746567e-01  7.00000000e+01  6.49747459e-01 
 7.10000000e+01  6.49731715e-01  7.10000000e+01  6.49732579e-01 
 7.20000000e+01  6.49717051e-01  7.20000000e+01  6.49717885e-01 
 7.30000000e+01  6.49702592e-01  7.30000000e+01  6.49703394e-01 
 7.40000000e+01  6.49688356e-01  7.40000000e+01  6.49689123e-01 
 7.50000000e+01  6.49674359e-01  7.50000000e+01  6.49675089e-01 
 7.60000000e+01  6.49660620e-01  7.60000000e+01  6.49661311e-01 
 7.70000000e+01  6.49647156e-01  7.70000000e+01  6.49647805e-01 
 7.80000000e+01  6.49633985e-01  7.80000000e+01  6.49634589e-01 
 7.90000000e+01  6.49621124e-01  7.90000000e+01  6.49621681e-01 
 8.00000000e+01  6.49608592e-01  8.00000000e+01  6.49609099e-01 
 8.10000000e+01  6.49596406e-01  8.10000000e+01  6.49596861e-01 
 8.20000000e+01  6.49584585e-01  8.20000000e+01  6.49584985e-01 
 8.30000000e+01  6.49573146e-01  8.30000000e+01  6.49573488e-01 
 8.40000000e+01  6.49562108e-01  8.40000000e+01  6.49562389e-01 
 8.50000000e+01  6.49551488e-01  8.50000000e+01  6.49551706e-01 
 8.60000000e+01  6.49541305e-01  8.60000000e+01  6.49541457e-01 
 8.70000000e+01  6.49531577e-01  8.70000000e+01  6.49531659e-01 
 8.80000000e+01  6.49522321e-01  8.80000000e+01  6.49522331e-01 
 8.90000000e+01  6.49513555e-01  8.90000000e+01  6.49513490e-01 
 9.00000000e+01  6.49505297e-01  9.00000000e+01  6.49505153e-01 
 9.10000000e+01  6.49497565e-01  9.10000000e+01  6.49497339e-01 
 9.20000000e+01  6.49490376e-01  9.20000000e+01  6.49490065e-01 
 9.30000000e+01  6.49483746e-01  9.30000000e+01  6.49483348e-01 
 9.40000000e+01  6.49477694e-01  9.40000000e+01  6.49477204e-01 
 9.50000000e+01  6.49472236e-01  9.50000000e+01  6.49471652e-01 
 9.60000000e+01  6.49467389e-01  9.60000000e+01  6.49466707e-01 
 9.70000000e+01  6.49463170e-01  9.70000000e+01  6.49462387e-01 
 9.80000000e+01  6.49459594e-01  9.80000000e+01  6.49458706e-01 
 9.90000000e+01  6.49456678e-01  9.90000000e+01  6.49455683e-01 
 1.00000000e+02  6.49454437e-01  1.00000000e+02  6.49453331e-01 
 1.01000000e+02  6.49452888e-01  1.01000000e+02  6.49451668e-01 
 1.02000000e+02  6.49452046e-01  1.02000000e+02  6.49450708e-01 
 1.03000000e+02  6.49451926e-01  1.03000000e+02  6.49450467e-01 
 1.04000000e+02  6.49452543e-01  1.04000000e+02  6.49450959e-01 
 1.05000000e+02  6.49453911e-01  1.05000000e+02  6.49452199e-01 
 1.06000000e+02  6.49456045e-01  1.06000000e+02  6.49454203e-01 
 1.07000000e+02  6.49458960e-01  1.07000000e+02  6.49456983e-01 
 1.08000000e+02  6.49462669e-01  1.08000000e+02  6.49460554e-01 
 1.09000000e+02  6.49467186e-01  1.09000000e+02  6.49464931e-01 
 1.10000000e+02  6.49472526e-01  1.10000000e+02  6.49470126e-01 
 1.11000000e+02  6.49478700e-01  1.11000000e+02  6.49476153e-01 
 1.12000000e+02  6.49485723e-01  1.12000000e+02  6.49483026e-01 
 1.13000000e+02  6.49493608e-01  1.13000000e+02  6.49490757e-01 
 1.14000000e+02  6.49502366e-01  1.14000000e+02  6.49499359e-01 
 1.15000000e+02  6.49512012e-01  1.15000000e+02  6.49508845e-01 
 1.16000000e+02  6.49522558e-01  1.16000000e+02  6.49519228e-01 
 1.17000000e+02  6.49534015e-01  1.17000000e+02  6.49530521e-01 
 1.18000000e+02  6.49546396e-01  1.18000000e+02  6.49542734e-01 
 1.19000000e+02  6.49559714e-01  1.19000000e+02  6.49555881e-01 
 1.20000000e+02  6.49573980e-01  1.20000000e+02  6.49569974e-01 
 1.21000000e+02  6.49589205e-01  1.21000000e+02  6.49585024e-01 
 1.22000000e+02  6.49605402e-01  1.22000000e+02  6.49601044e-01 
 1.23000000e+02  6.49622583e-01  1.23000000e+02  6.49618045e-01 
 1.24000000e+02  6.49640759e-01  1.24000000e+02  6.49636039e-01 
 1.25000000e+02  6.49659940e-01  1.25000000e+02  6.49655038e-01 
 1.26000000e+02  6.49680140e-01  1.26000000e+02  6.49675053e-01 
 1.27000000e+02  6.49701369e-01  1.27000000e+02  6.49696096e-01 
 1.28000000e+02  6.49723638e-01  1.28000000e+02  6.49718178e-01 
 1.29000000e+02  6.49746959e-01  1.29000000e+02  6.49741310e-01 
 1.30000000e+02  6.49771343e-01  1.30000000e+02  6.49765505e-01 
 1.31000000e+02  6.49796801e-01  1.31000000e+02  6.49790774e-01 
 1.32000000e+02  6.49823344e-01  1.32000000e+02  6.49817127e-01 
 1.33000000e+02  6.49850984e-01  1.33000000e+02  6.49844577e-01 
 1.34000000e+02  6.49879731e-01  1.34000000e+02  6.49873135e-01 
 1.35000000e+02  6.49909597e-01  1.35000000e+02  6.49902813e-01 
 1.36000000e+02  6.49940592e-01  1.36000000e+02  6.49933622e-01 
 1.37000000e+02  6.49972729e-01  1.37000000e+02  6.49965573e-01 
 1.38000000e+02  6.50006018e-01  1.38000000e+02  6.49998678e-01 
 1.39000000e+02  6.50040470e-01  1.39000000e+02  6.50032949e-01 
 1.40000000e+02  6.50076096e-01  1.40000000e+02  6.50068398e-01 
 1.41000000e+02  6.50112909e-01  1.41000000e+02  6.50105035e-01 
 1.42000000e+02  6.50150918e-01  1.42000000e+02  6.50142874e-01 
 1.43000000e+02  6.50190135e-01  1.43000000e+02  6.50181925e-01 
 1.44000000e+02  6.50230572e-01  1.44000000e+02  6.50222201e-01 
 1.45000000e+02  6.50272239e-01  1.45000000e+02  6.50263713e-01 
 1.46000000e+02  6.50315149e-01  1.46000000e+02  6.50306474e-01 
 1.47000000e+02  6.50359312e-01  1.47000000e+02  6.50350496e-01 
 1.48000000e+02  6.50404739e-01  1.48000000e+02  6.50395791e-01 
 1.49000000e+02  6.50451443e-01  1.49000000e+02  6.50442371e-01 
 1.50000000e+02  6.50499434e-01  1.50000000e+02  6.50490249e-01 
