 1.80000000e+00  6.41404535e-01  1.00000000e+00  0.00000000e+00 
 1.80000000e+00  6.51876917e-01  1.00000000e+00  1.00000000e+00 
 1.80000000e+00  6.58501132e-01  1.00000000e+00  2.00000000e+00 
 1.80000000e+00  6.33017731e-01  1.00000000e+00  3.00000000e+00 
 1.80000000e+00  6.42217243e-01  1.00000000e+00  4.00000000e+00 
 1.80000000e+00  3.34115091e-04  1.00000000e+00  5.00000000e+00 
 1.80000000e+00  3.35222727e-04  1.00000000e+00  6.00000000e+00 
 1.80000000e+00  6.86993043e-01  1.00000000e+00  7.00000000e+00 
 1.80000000e+00  6.65215650e-01  1.00000000e+00  8.00000000e+00 
 1.80000000e+00  6.60353093e-01  1.00000000e+00  9.00000000e+00 
 1.80000000e+00  6.47678147e-01  1.00000000e+00  1.00000000e+01 
 1.80000000e+00  6.73817603e-01  1.00000000e+00  1.10000000e+01 
 1.80000000e+00  3.35888861e-04  1.00000000e+00  1.20000000e+01 
 1.80000000e+00  6.49153056e-01  1.00000000e+00  1.30000000e+01 
 1.80000000e+00  6.67220522e-01  1.00000000e+00  1.40000000e+01 
 1.80000000e+00  6.51405062e-01  1.00000000e+00  1.50000000e+01 
 1.80000000e+00  6.09210483e-01  1.00000000e+00  1.60000000e+01 
 1.80000000e+00  6.47452659e-01  1.00000000e+00  1.70000000e+01 
 1.80000000e+00  3.37077518e-04  1.00000000e+00  1.80000000e+01 
 1.80000000e+00  1.70794066e+00  1.00000000e+00  1.90000000e+01 
 1.80000000e+00  6.60427035e-01  1.00000000e+00  2.00000000e+01 
 1.80000000e+00  6.44169059e-01  1.00000000e+00  2.10000000e+01 
 1.80000000e+00  6.98939457e-01  1.00000000e+00  2.20000000e+01 
 1.80000000e+00  6.18571791e-01  1.00000000e+00  2.30000000e+01 
 1.80000000e+00  6.47575488e-01  1.00000000e+00  2.40000000e+01 
 1.80000000e+00  3.36324222e-04  1.00000000e+00  2.50000000e+01 
 1.80000000e+00  6.48322923e-01  1.00000000e+00  2.60000000e+01 
 1.80000000e+00  3.33007061e-04  1.00000000e+00  2.70000000e+01 
 1.80000000e+00  6.77128333e-01  1.00000000e+00  2.80000000e+01 
 1.80000000e+00  6.85631207e-01  1.00000000e+00  2.90000000e+01 
 1.80000000e+00  6.62891005e-01  1.00000000e+00  3.00000000e+01 
 1.80000000e+00  6.67447548e-01  1.00000000e+00  3.10000000e+01 
 1.80000000e+00  3.39788837e-04  1.00000000e+00  3.20000000e+01 
 1.80000000e+00  6.29450902e-01  1.00000000e+00  3.30000000e+01 
 1.80000000e+00  6.59624755e-01  1.00000000e+00  3.40000000e+01 
 1.80000000e+00  3.34085559e-04  1.00000000e+00  3.50000000e+01 
 1.80000000e+00  6.14528300e-01  1.00000000e+00  3.60000000e+01 
 1.80000000e+00  6.75915274e-01  1.00000000e+00  3.70000000e+01 
 1.80000000e+00  6.53792765e-01  1.00000000e+00  3.80000000e+01 
 1.80000000e+00  6.47605121e-01  1.00000000e+00  3.90000000e+01 
 1.80000000e+00  6.46068257e-01  1.00000000e+00  4.00000000e+01 
 1.80000000e+00  6.55281680e-01  1.00000000e+00  4.10000000e+01 
 1.80000000e+00  6.69677522e-01  1.00000000e+00  4.20000000e+01 
 1.80000000e+00  1.70249236e+00  1.00000000e+00  4.30000000e+01 
 1.80000000e+00  6.29560952e-01  1.00000000e+00  4.40000000e+01 
 1.80000000e+00  6.59435795e-01  1.00000000e+00  4.50000000e+01 
 1.80000000e+00  6.61516355e-01  1.00000000e+00  4.60000000e+01 
 1.80000000e+00  6.88835102e-01  1.00000000e+00  4.70000000e+01 
 1.80000000e+00  6.69042561e-01  1.00000000e+00  4.80000000e+01 
 1.80000000e+00  3.33633351e-04  1.00000000e+00  4.90000000e+01 
 1.80000000e+00  6.51333089e-01  1.00000000e+00  5.00000000e+01 
 1.80000000e+00  1.71052255e+00  1.00000000e+00  5.10000000e+01 
 1.80000000e+00  6.75339899e-01  1.00000000e+00  5.20000000e+01 
 1.80000000e+00  6.25705645e-01  1.00000000e+00  5.30000000e+01 
 1.80000000e+00  6.52220484e-01  1.00000000e+00  5.40000000e+01 
 1.80000000e+00  6.42744026e-01  1.00000000e+00  5.50000000e+01 
 1.80000000e+00  6.83699403e-01  1.00000000e+00  5.60000000e+01 
 1.80000000e+00  3.32728483e-04  1.00000000e+00  5.70000000e+01 
 1.80000000e+00  6.83026535e-01  1.00000000e+00  5.80000000e+01 
 1.80000000e+00  3.37753389e-04  1.00000000e+00  5.90000000e+01 
 1.80000000e+00  6.49170803e-01  1.00000000e+00  6.00000000e+01 
 1.80000000e+00  6.57754001e-01  1.00000000e+00  6.10000000e+01 
 1.80000000e+00  6.37225137e-01  1.00000000e+00  6.20000000e+01 
 1.80000000e+00  3.35034024e-04  1.00000000e+00  6.30000000e+01 
 1.80000000e+00  6.54958121e-01  1.00000000e+00  6.40000000e+01 
 1.80000000e+00  6.53448053e-01  1.00000000e+00  6.50000000e+01 
 1.80000000e+00  6.44806020e-01  1.00000000e+00  6.60000000e+01 
 1.80000000e+00  6.33972631e-01  1.00000000e+00  6.70000000e+01 
 1.80000000e+00  6.27344981e-01  1.00000000e+00  6.80000000e+01 
 1.80000000e+00  6.84003874e-01  1.00000000e+00  6.90000000e+01 
 1.80000000e+00  6.53822713e-01  1.00000000e+00  7.00000000e+01 
 1.80000000e+00  6.67884326e-01  1.00000000e+00  7.10000000e+01 
 1.80000000e+00  6.52458495e-01  1.00000000e+00  7.20000000e+01 
 1.80000000e+00  6.02489404e-01  1.00000000e+00  7.30000000e+01 
 1.80000000e+00  6.91751158e-01  1.00000000e+00  7.40000000e+01 
 1.80000000e+00  6.77033666e-01  1.00000000e+00  7.50000000e+01 
 1.80000000e+00  6.50557518e-01  1.00000000e+00  7.60000000e+01 
 1.80000000e+00  6.43564839e-01  1.00000000e+00  7.70000000e+01 
 1.80000000e+00  6.35178053e-01  1.00000000e+00  7.80000000e+01 
 1.80000000e+00  6.49721049e-01  1.00000000e+00  7.90000000e+01 
 1.80000000e+00  6.55574143e-01  1.00000000e+00  8.00000000e+01 
 1.80000000e+00  6.31301617e-01  1.00000000e+00  8.10000000e+01 
 1.80000000e+00  3.37412864e-04  1.00000000e+00  8.20000000e+01 
 1.80000000e+00  6.74904802e-01  1.00000000e+00  8.30000000e+01 
 1.80000000e+00  6.70054097e-01  1.00000000e+00  8.40000000e+01 
 1.80000000e+00  5.98568982e-01  1.00000000e+00  8.50000000e+01 
 1.80000000e+00  6.37951665e-01  1.00000000e+00  8.60000000e+01 
 1.80000000e+00  6.71605534e-01  1.00000000e+00  8.70000000e+01 
 1.80000000e+00  6.29607054e-01  1.00000000e+00  8.80000000e+01 
 1.80000000e+00  6.63670214e-01  1.00000000e+00  8.90000000e+01 
 1.80000000e+00  6.35814455e-01  1.00000000e+00  9.00000000e+01 
 1.80000000e+00  6.58252617e-01  1.00000000e+00  9.10000000e+01 
 1.80000000e+00  6.70718933e-01  1.00000000e+00  9.20000000e+01 
 1.80000000e+00  6.99074831e-01  1.00000000e+00  9.30000000e+01 
 1.80000000e+00  6.11371316e-01  1.00000000e+00  9.40000000e+01 
 1.80000000e+00  3.36902485e-04  1.00000000e+00  9.50000000e+01 
 1.80000000e+00  6.45090588e-01  1.00000000e+00  9.60000000e+01 
 1.80000000e+00  6.60774162e-01  1.00000000e+00  9.70000000e+01 
 1.80000000e+00  6.49824309e-01  1.00000000e+00  9.80000000e+01 
 1.80000000e+00  6.18364850e-01  1.00000000e+00  9.90000000e+01 
 1.80000000e+00  3.37399217e-04  1.00000000e+00  1.00000000e+02 
 1.80000000e+00  6.27775948e-01  1.00000000e+00  1.01000000e+02 
 1.80000000e+00  6.91424191e-01  1.00000000e+00  1.02000000e+02 
 1.80000000e+00  1.74870794e+00  1.00000000e+00  1.03000000e+02 
 1.80000000e+00  6.62373794e-01  1.00000000e+00  1.04000000e+02 
 1.80000000e+00  3.30621612e-04  1.00000000e+00  1.05000000e+02 
 1.80000000e+00  3.36235731e-04  1.00000000e+00  1.06000000e+02 
 1.80000000e+00  6.74378591e-01  1.00000000e+00  1.07000000e+02 
 1.80000000e+00  6.57159863e-01  1.00000000e+00  1.08000000e+02 
 1.80000000e+00  6.33838759e-01  1.00000000e+00  1.09000000e+02 
 1.80000000e+00  6.80255397e-01  1.00000000e+00  1.10000000e+02 
 1.80000000e+00  6.56011868e-01  1.00000000e+00  1.11000000e+02 
 1.80000000e+00  6.78100485e-01  1.00000000e+00  1.12000000e+02 
 1.80000000e+00  6.17132279e-01  1.00000000e+00  1.13000000e+02 
 1.80000000e+00  6.65070814e-01  1.00000000e+00  1.14000000e+02 
 1.80000000e+00  6.68827506e-01  1.00000000e+00  1.15000000e+02 
 1.80000000e+00  6.39108289e-01  1.00000000e+00  1.16000000e+02 
 1.80000000e+00  6.64340428e-01  1.00000000e+00  1.17000000e+02 
 1.80000000e+00  3.34032734e-04  1.00000000e+00  1.18000000e+02 
 1.80000000e+00  6.95101128e-01  1.00000000e+00  1.19000000e+02 
 1.80000000e+00  6.80848238e-01  1.00000000e+00  1.20000000e+02 
 1.80000000e+00  6.11153701e-01  1.00000000e+00  1.21000000e+02 
 1.80000000e+00  6.34310822e-01  1.00000000e+00  1.22000000e+02 
 1.80000000e+00  1.59676040e+00  1.00000000e+00  1.23000000e+02 
 1.80000000e+00  6.59666578e-01  1.00000000e+00  1.24000000e+02 
 1.80000000e+00  6.77603470e-01  1.00000000e+00  1.25000000e+02 
 1.80000000e+00  6.94611672e-01  1.00000000e+00  1.26000000e+02 
 1.80000000e+00  6.91078564e-01  1.00000000e+00  1.27000000e+02 
 1.80000000e+00  3.34082013e-04  1.00000000e+00  1.28000000e+02 
 1.80000000e+00  6.88626060e-01  1.00000000e+00  1.29000000e+02 
 1.80000000e+00  6.81384139e-01  1.00000000e+00  1.30000000e+02 
 1.80000000e+00  6.75074837e-01  1.00000000e+00  1.31000000e+02 
 1.80000000e+00  6.47417124e-01  1.00000000e+00  1.32000000e+02 
 1.80000000e+00  6.46553610e-01  1.00000000e+00  1.33000000e+02 
 1.80000000e+00  6.40089998e-01  1.00000000e+00  1.34000000e+02 
 1.80000000e+00  6.29495713e-01  1.00000000e+00  1.35000000e+02 
 1.80000000e+00  6.79396162e-01  1.00000000e+00  1.36000000e+02 
 1.80000000e+00 -4.92696239e+03  1.00000000e+00  1.37000000e+02 
 1.80000000e+00  6.43944096e-01  1.00000000e+00  1.38000000e+02 
 1.80000000e+00  6.49600322e-01  1.00000000e+00  1.39000000e+02 
 1.80000000e+00  6.53459464e-01  1.00000000e+00  1.40000000e+02 
 1.80000000e+00  6.92754853e-01  1.00000000e+00  1.41000000e+02 
 1.80000000e+00  6.93818918e-01  1.00000000e+00  1.42000000e+02 
 1.80000000e+00  6.70827544e-01  1.00000000e+00  1.43000000e+02 
 1.80000000e+00  6.59977640e-01  1.00000000e+00  1.44000000e+02 
 1.80000000e+00  6.49033251e-01  1.00000000e+00  1.45000000e+02 
 1.80000000e+00  6.69756805e-01  1.00000000e+00  1.46000000e+02 
 1.80000000e+00  6.51688446e-01  1.00000000e+00  1.47000000e+02 
 1.80000000e+00  3.36636303e-04  1.00000000e+00  1.48000000e+02 
 1.80000000e+00  3.32988300e-04  1.00000000e+00  1.49000000e+02 
 1.80000000e+00  6.27764511e-01  1.00000000e+00  1.50000000e+02 
 1.80000000e+00  6.55593761e-01  1.00000000e+00  1.51000000e+02 
 1.80000000e+00  6.42082383e-01  1.00000000e+00  1.52000000e+02 
 1.80000000e+00  6.91640754e-01  1.00000000e+00  1.53000000e+02 
 1.80000000e+00  6.46419383e-01  1.00000000e+00  1.54000000e+02 
 1.80000000e+00  6.80500710e-01  1.00000000e+00  1.55000000e+02 
 1.80000000e+00  6.76404715e-01  1.00000000e+00  1.56000000e+02 
 1.80000000e+00  6.37852842e-01  1.00000000e+00  1.57000000e+02 
 1.80000000e+00  3.32359095e-04  1.00000000e+00  1.58000000e+02 
 1.80000000e+00  6.70972464e-01  1.00000000e+00  1.59000000e+02 
 1.80000000e+00  6.60276167e-01  1.00000000e+00  1.60000000e+02 
 1.80000000e+00  6.27705970e-01  1.00000000e+00  1.61000000e+02 
 1.80000000e+00  6.45777205e-01  1.00000000e+00  1.62000000e+02 
 1.80000000e+00  7.00100631e-01  1.00000000e+00  1.63000000e+02 
 1.80000000e+00  6.20104228e-01  1.00000000e+00  1.64000000e+02 
 1.80000000e+00  6.78616860e-01  1.00000000e+00  1.65000000e+02 
 1.80000000e+00  6.54329799e-01  1.00000000e+00  1.66000000e+02 
 1.80000000e+00  6.41620551e-01  1.00000000e+00  1.67000000e+02 
 1.80000000e+00  6.63841487e-01  1.00000000e+00  1.68000000e+02 
 1.80000000e+00  6.41651677e-01  1.00000000e+00  1.69000000e+02 
 1.80000000e+00  3.34277627e-04  1.00000000e+00  1.70000000e+02 
 1.80000000e+00  3.39127024e-04  1.00000000e+00  1.71000000e+02 
 1.80000000e+00  6.41320332e-01  1.00000000e+00  1.72000000e+02 
 1.80000000e+00  6.84866024e-01  1.00000000e+00  1.73000000e+02 
 1.80000000e+00  6.56688495e-01  1.00000000e+00  1.74000000e+02 
 1.80000000e+00  6.36980738e-01  1.00000000e+00  1.75000000e+02 
 1.80000000e+00  6.72966744e-01  1.00000000e+00  1.76000000e+02 
 1.80000000e+00  3.30929129e-04  1.00000000e+00  1.77000000e+02 
 1.80000000e+00  6.65929318e-01  1.00000000e+00  1.78000000e+02 
 1.80000000e+00  3.33883974e-04  1.00000000e+00  1.79000000e+02 
 1.80000000e+00  6.56329612e-02  1.00000000e+00  1.80000000e+02 
 1.80000000e+00  6.37788270e-01  1.00000000e+00  1.81000000e+02 
 1.80000000e+00  1.71173948e+00  1.00000000e+00  1.82000000e+02 
 1.80000000e+00  6.37630410e-01  1.00000000e+00  1.83000000e+02 
 1.80000000e+00  6.53111997e-01  1.00000000e+00  1.84000000e+02 
 1.80000000e+00  3.35397703e-04  1.00000000e+00  1.85000000e+02 
 1.80000000e+00  6.69485983e-01  1.00000000e+00  1.86000000e+02 
 1.80000000e+00  6.43426952e-01  1.00000000e+00  1.87000000e+02 
 1.80000000e+00  6.23698152e-01  1.00000000e+00  1.88000000e+02 
 1.80000000e+00  6.59891852e-01  1.00000000e+00  1.89000000e+02 
 1.80000000e+00  6.66078121e-01  1.00000000e+00  1.90000000e+02 
 1.80000000e+00  6.56719860e-01  1.00000000e+00  1.91000000e+02 
 1.80000000e+00  6.52189653e-01  1.00000000e+00  1.92000000e+02 
 1.80000000e+00  6.28152932e-01  1.00000000e+00  1.93000000e+02 
 1.80000000e+00  6.67794130e-01  1.00000000e+00  1.94000000e+02 
 1.80000000e+00  3.36102551e-04  1.00000000e+00  1.95000000e+02 
 1.80000000e+00  6.64516671e-01  1.00000000e+00  1.96000000e+02 
 1.80000000e+00  3.34537864e-04  1.00000000e+00  1.97000000e+02 
 1.80000000e+00  6.66773857e-01  1.00000000e+00  1.98000000e+02 
 1.80000000e+00  6.39840637e-01  1.00000000e+00  1.99000000e+02 
 1.80000000e+00  6.60432976e-01  1.00000000e+00  2.00000000e+02 
 1.80000000e+00  6.69954886e-01  1.00000000e+00  2.01000000e+02 
 1.80000000e+00  6.52059489e-01  1.00000000e+00  2.02000000e+02 
 1.80000000e+00  3.33681919e-04  1.00000000e+00  2.03000000e+02 
 1.80000000e+00  6.76110536e-01  1.00000000e+00  2.04000000e+02 
 1.80000000e+00  6.91904355e-01  1.00000000e+00  2.05000000e+02 
 1.80000000e+00  3.34709578e-04  1.00000000e+00  2.06000000e+02 
 1.80000000e+00  6.71117935e-01  1.00000000e+00  2.07000000e+02 
 1.80000000e+00  6.74573884e-01  1.00000000e+00  2.08000000e+02 
 1.80000000e+00  6.46930775e-01  1.00000000e+00  2.09000000e+02 
 1.80000000e+00  3.35204688e-04  1.00000000e+00  2.10000000e+02 
 1.80000000e+00  6.92816294e-01  1.00000000e+00  2.11000000e+02 
 1.80000000e+00  6.28243262e-01  1.00000000e+00  2.12000000e+02 
 1.80000000e+00  6.56309373e-01  1.00000000e+00  2.13000000e+02 
 1.80000000e+00  6.82654980e-01  1.00000000e+00  2.14000000e+02 
 1.80000000e+00  6.03277183e-01  1.00000000e+00  2.15000000e+02 
 1.80000000e+00  6.65757444e-01  1.00000000e+00  2.16000000e+02 
 1.80000000e+00  3.40250388e-04  1.00000000e+00  2.17000000e+02 
 1.80000000e+00  6.60587521e-01  1.00000000e+00  2.18000000e+02 
 1.80000000e+00  6.46466810e-01  1.00000000e+00  2.19000000e+02 
 1.80000000e+00  6.35424751e-01  1.00000000e+00  2.20000000e+02 
 1.80000000e+00  6.69254971e-01  1.00000000e+00  2.21000000e+02 
 1.80000000e+00  6.60982406e-01  1.00000000e+00  2.22000000e+02 
 1.80000000e+00  6.56746077e-01  1.00000000e+00  2.23000000e+02 
 1.80000000e+00  3.34822332e-04  1.00000000e+00  2.24000000e+02 
 1.80000000e+00  6.26990282e-01  1.00000000e+00  2.25000000e+02 
 1.80000000e+00  6.52297262e-01  1.00000000e+00  2.26000000e+02 
 1.80000000e+00  6.34583012e-01  1.00000000e+00  2.27000000e+02 
 1.80000000e+00  6.22801963e-01  1.00000000e+00  2.28000000e+02 
 1.80000000e+00  3.36074213e-04  1.00000000e+00  2.29000000e+02 
 1.80000000e+00  6.60961515e-01  1.00000000e+00  2.30000000e+02 
 1.80000000e+00  7.10274045e-01  1.00000000e+00  2.31000000e+02 
 1.80000000e+00  6.51534617e-01  1.00000000e+00  2.32000000e+02 
 1.80000000e+00  6.46588817e-01  1.00000000e+00  2.33000000e+02 
 1.80000000e+00  6.37379707e-01  1.00000000e+00  2.34000000e+02 
 1.80000000e+00  3.35914379e-04  1.00000000e+00  2.35000000e+02 
 1.80000000e+00  6.85522102e-01  1.00000000e+00  2.36000000e+02 
 1.80000000e+00  6.79935630e-01  1.00000000e+00  2.37000000e+02 
 1.80000000e+00  3.35803018e-04  1.00000000e+00  2.38000000e+02 
 1.80000000e+00  3.33835642e-04  1.00000000e+00  2.39000000e+02 
 1.80000000e+00  6.59712622e-01  1.00000000e+00  2.40000000e+02 
 1.80000000e+00  6.33736908e-01  1.00000000e+00  2.41000000e+02 
 1.80000000e+00  6.87558146e-01  1.00000000e+00  2.42000000e+02 
 1.80000000e+00  6.61168730e-01  1.00000000e+00  2.43000000e+02 
 1.80000000e+00  3.37615809e-04  1.00000000e+00  2.44000000e+02 
 1.80000000e+00  3.39064308e-04  1.00000000e+00  2.45000000e+02 
 1.80000000e+00  3.35371923e-04  1.00000000e+00  2.46000000e+02 
 1.80000000e+00  6.30163208e-01  1.00000000e+00  2.47000000e+02 
 1.80000000e+00  3.32216954e-04  1.00000000e+00  2.48000000e+02 
 1.80000000e+00  6.28085258e-01  1.00000000e+00  2.49000000e+02 
 1.80000000e+00  6.60757934e-01  1.00000000e+00  2.50000000e+02 
 1.80000000e+00  3.36688590e-04  1.00000000e+00  2.51000000e+02 
 1.80000000e+00  6.42393723e-01  1.00000000e+00  2.52000000e+02 
 1.80000000e+00  6.32832249e-01  1.00000000e+00  2.53000000e+02 
 1.80000000e+00  6.60989501e-01  1.00000000e+00  2.54000000e+02 
 1.80000000e+00  3.35589517e-04  1.00000000e+00  2.55000000e+02 
 1.80000000e+00  6.38129021e-01  1.00000000e+00  2.56000000e+02 
 1.80000000e+00  6.65375990e-01  1.00000000e+00  2.57000000e+02 
 1.80000000e+00  6.27041535e-01  1.00000000e+00  2.58000000e+02 
 1.80000000e+00  6.51745507e-01  1.00000000e+00  2.59000000e+02 
 1.80000000e+00  6.80465179e-01  1.00000000e+00  2.60000000e+02 
 1.80000000e+00  6.65020344e-01  1.00000000e+00  2.61000000e+02 
 1.80000000e+00  6.53904320e-01  1.00000000e+00  2.62000000e+02 
 1.80000000e+00  6.97726374e-01  1.00000000e+00  2.63000000e+02 
 1.80000000e+00  5.94831205e-01  1.00000000e+00  2.64000000e+02 
 1.80000000e+00  6.79999409e-01  1.00000000e+00  2.65000000e+02 
 1.80000000e+00  6.37872400e-01  1.00000000e+00  2.66000000e+02 
 1.80000000e+00  6.34021701e-01  1.00000000e+00  2.67000000e+02 
 1.80000000e+00  6.72180427e-01  1.00000000e+00  2.68000000e+02 
 1.80000000e+00  6.59602452e-01  1.00000000e+00  2.69000000e+02 
 1.80000000e+00  3.37027303e-04  1.00000000e+00  2.70000000e+02 
 1.80000000e+00  6.28550804e-01  1.00000000e+00  2.71000000e+02 
 1.80000000e+00  3.35974288e-04  1.00000000e+00  2.72000000e+02 
 1.80000000e+00  6.41960539e-01  1.00000000e+00  2.73000000e+02 
 1.80000000e+00  6.68373797e-01  1.00000000e+00  2.74000000e+02 
 1.80000000e+00  6.47380658e-01  1.00000000e+00  2.75000000e+02 
 1.80000000e+00  3.34977153e-04  1.00000000e+00  2.76000000e+02 
 1.80000000e+00  6.82784892e-01  1.00000000e+00  2.77000000e+02 
 1.80000000e+00  6.43236681e-01  1.00000000e+00  2.78000000e+02 
 1.80000000e+00  6.57487336e-01  1.00000000e+00  2.79000000e+02 
 1.80000000e+00  6.81690803e-01  1.00000000e+00  2.80000000e+02 
 1.80000000e+00  6.36048333e-01  1.00000000e+00  2.81000000e+02 
 1.80000000e+00  3.39691543e-04  1.00000000e+00  2.82000000e+02 
 1.80000000e+00  6.89138395e-01  1.00000000e+00  2.83000000e+02 
 1.80000000e+00  3.35797889e-04  1.00000000e+00  2.84000000e+02 
 1.80000000e+00  6.57726185e-01  1.00000000e+00  2.85000000e+02 
 1.80000000e+00  6.19968217e-01  1.00000000e+00  2.86000000e+02 
 1.80000000e+00  3.34138140e-04  1.00000000e+00  2.87000000e+02 
 1.80000000e+00  6.19061284e-01  1.00000000e+00  2.88000000e+02 
 1.80000000e+00  3.34861499e-04  1.00000000e+00  2.89000000e+02 
 1.80000000e+00  6.73335176e-01  1.00000000e+00  2.90000000e+02 
 1.80000000e+00  6.82109721e-01  1.00000000e+00  2.91000000e+02 
 1.80000000e+00  6.53206724e-01  1.00000000e+00  2.92000000e+02 
 1.80000000e+00  6.62368850e-01  1.00000000e+00  2.93000000e+02 
 1.80000000e+00  6.47842675e-01  1.00000000e+00  2.94000000e+02 
 1.80000000e+00  6.42938172e-01  1.00000000e+00  2.95000000e+02 
 1.80000000e+00  6.68269725e-01  1.00000000e+00  2.96000000e+02 
 1.80000000e+00  6.80112233e-01  1.00000000e+00  2.97000000e+02 
 1.80000000e+00  6.17735791e-01  1.00000000e+00  2.98000000e+02 
 1.80000000e+00  7.16550462e-01  1.00000000e+00  2.99000000e+02 
 1.80000000e+00  6.58594737e-01  1.00000000e+00  3.00000000e+02 
 1.80000000e+00  3.39307870e-04  1.00000000e+00  3.01000000e+02 
 1.80000000e+00  6.60481274e-01  1.00000000e+00  3.02000000e+02 
 1.80000000e+00  6.48771467e-01  1.00000000e+00  3.03000000e+02 
 1.80000000e+00  3.36393021e-04  1.00000000e+00  3.04000000e+02 
 1.80000000e+00  6.43890850e-01  1.00000000e+00  3.05000000e+02 
 1.80000000e+00  6.70851456e-01  1.00000000e+00  3.06000000e+02 
 1.80000000e+00  6.80441108e-01  1.00000000e+00  3.07000000e+02 
 1.80000000e+00 -9.67387208e+03  1.00000000e+00  3.08000000e+02 
 1.80000000e+00  6.51094880e-01  1.00000000e+00  3.09000000e+02 
 1.80000000e+00  6.34189249e-01  1.00000000e+00  3.10000000e+02 
 1.80000000e+00  6.62918088e-01  1.00000000e+00  3.11000000e+02 
 1.80000000e+00  6.46753774e-01  1.00000000e+00  3.12000000e+02 
 1.80000000e+00  6.42306286e-01  1.00000000e+00  3.13000000e+02 
 1.80000000e+00  6.60980446e-01  1.00000000e+00  3.14000000e+02 
 1.80000000e+00  6.50311832e-01  1.00000000e+00  3.15000000e+02 
 1.80000000e+00  6.39707092e-01  1.00000000e+00  3.16000000e+02 
 1.80000000e+00  6.48234704e-01  1.00000000e+00  3.17000000e+02 
 1.80000000e+00  3.34678432e-04  1.00000000e+00  3.18000000e+02 
 1.80000000e+00  6.30634181e-01  1.00000000e+00  3.19000000e+02 
 1.80000000e+00  3.37696150e-04  1.00000000e+00  3.20000000e+02 
 1.80000000e+00  6.30856035e-01  1.00000000e+00  3.21000000e+02 
 1.80000000e+00  6.70339788e-01  1.00000000e+00  3.22000000e+02 
 1.80000000e+00  6.60080358e-01  1.00000000e+00  3.23000000e+02 
 1.80000000e+00  6.28422252e-01  1.00000000e+00  3.24000000e+02 
 1.80000000e+00  6.75280501e-01  1.00000000e+00  3.25000000e+02 
 1.80000000e+00  6.49026101e-01  1.00000000e+00  3.26000000e+02 
 1.80000000e+00  6.39677196e-01  1.00000000e+00  3.27000000e+02 
 1.80000000e+00  6.77116792e-01  1.00000000e+00  3.28000000e+02 
 1.80000000e+00  6.62391311e-01  1.00000000e+00  3.29000000e+02 
 1.80000000e+00  3.34956482e-04  1.00000000e+00  3.30000000e+02 
 1.80000000e+00  6.82747728e-01  1.00000000e+00  3.31000000e+02 
 1.80000000e+00  3.34809624e-04  1.00000000e+00  3.32000000e+02 
 1.80000000e+00  6.66743768e-01  1.00000000e+00  3.33000000e+02 
 1.80000000e+00  6.50545352e-01  1.00000000e+00  3.34000000e+02 
 1.80000000e+00  6.11678437e-01  1.00000000e+00  3.35000000e+02 
 1.80000000e+00  6.63469777e-01  1.00000000e+00  3.36000000e+02 
 1.80000000e+00  6.39874684e-01  1.00000000e+00  3.37000000e+02 
 1.80000000e+00  3.36219198e-04  1.00000000e+00  3.38000000e+02 
 1.80000000e+00  6.58147261e-01  1.00000000e+00  3.39000000e+02 
 1.80000000e+00  6.71940553e-01  1.00000000e+00  3.40000000e+02 
 1.80000000e+00  6.61171697e-01  1.00000000e+00  3.41000000e+02 
 1.80000000e+00  6.54254483e-01  1.00000000e+00  3.42000000e+02 
 1.80000000e+00  6.65158500e-01  1.00000000e+00  3.43000000e+02 
 1.80000000e+00  6.36579124e-01  1.00000000e+00  3.44000000e+02 
 1.80000000e+00  3.37569424e-04  1.00000000e+00  3.45000000e+02 
 1.80000000e+00  6.35289688e-01  1.00000000e+00  3.46000000e+02 
 1.80000000e+00  3.35069694e-04  1.00000000e+00  3.47000000e+02 
 1.80000000e+00  6.76060892e-01  1.00000000e+00  3.48000000e+02 
 1.80000000e+00  6.41537419e-01  1.00000000e+00  3.49000000e+02 
 1.80000000e+00  6.72002747e-01  1.00000000e+00  3.50000000e+02 
 1.80000000e+00  6.47422537e-01  1.00000000e+00  3.51000000e+02 
 1.80000000e+00  6.26310053e-01  1.00000000e+00  3.52000000e+02 
 1.80000000e+00  1.60052855e+00  1.00000000e+00  3.53000000e+02 
 1.80000000e+00  6.91307296e-01  1.00000000e+00  3.54000000e+02 
 1.80000000e+00  6.76219531e-01  1.00000000e+00  3.55000000e+02 
 1.80000000e+00  6.26692152e-01  1.00000000e+00  3.56000000e+02 
 1.80000000e+00  6.51264024e-01  1.00000000e+00  3.57000000e+02 
 1.80000000e+00  6.68938366e-01  1.00000000e+00  3.58000000e+02 
 1.80000000e+00  6.55066559e-01  1.00000000e+00  3.59000000e+02 
 1.80000000e+00  3.32764435e-04  1.00000000e+00  3.60000000e+02 
 1.80000000e+00  6.85534333e-01  1.00000000e+00  3.61000000e+02 
 1.80000000e+00  6.45593721e-01  1.00000000e+00  3.62000000e+02 
 1.80000000e+00  6.51682467e-01  1.00000000e+00  3.63000000e+02 
 1.80000000e+00  6.79804363e-01  1.00000000e+00  3.64000000e+02 
 1.80000000e+00  6.88199744e-01  1.00000000e+00  3.65000000e+02 
 1.80000000e+00  6.48476675e-01  1.00000000e+00  3.66000000e+02 
 1.80000000e+00  6.61394633e-01  1.00000000e+00  3.67000000e+02 
 1.80000000e+00  6.53765632e-01  1.00000000e+00  3.68000000e+02 
 1.80000000e+00  6.23623604e-01  1.00000000e+00  3.69000000e+02 
 1.80000000e+00  3.36272819e-04  1.00000000e+00  3.70000000e+02 
 1.80000000e+00  6.82649243e-01  1.00000000e+00  3.71000000e+02 
 1.80000000e+00  6.59673631e-01  1.00000000e+00  3.72000000e+02 
 1.80000000e+00  6.53286608e-01  1.00000000e+00  3.73000000e+02 
 1.80000000e+00  6.58390866e-01  1.00000000e+00  3.74000000e+02 
 1.80000000e+00  6.78618509e-01  1.00000000e+00  3.75000000e+02 
 1.80000000e+00  6.30737214e-01  1.00000000e+00  3.76000000e+02 
 1.80000000e+00  6.34534294e-01  1.00000000e+00  3.77000000e+02 
 1.80000000e+00  6.43123014e-01  1.00000000e+00  3.78000000e+02 
 1.80000000e+00  6.59261487e-01  1.00000000e+00  3.79000000e+02 
 1.80000000e+00  6.83847746e-01  1.00000000e+00  3.80000000e+02 
 1.80000000e+00  7.19747348e-01  1.00000000e+00  3.81000000e+02 
 1.80000000e+00  3.33698994e-04  1.00000000e+00  3.82000000e+02 
 1.80000000e+00  6.74885268e-01  1.00000000e+00  3.83000000e+02 
 1.80000000e+00  6.69763047e-01  1.00000000e+00  3.84000000e+02 
 1.80000000e+00  6.72277401e-01  1.00000000e+00  3.85000000e+02 
 1.80000000e+00  6.32953762e-01  1.00000000e+00  3.86000000e+02 
 1.80000000e+00  6.65837443e-01  1.00000000e+00  3.87000000e+02 
 1.80000000e+00  6.51445050e-01  1.00000000e+00  3.88000000e+02 
 1.80000000e+00  6.51466646e-01  1.00000000e+00  3.89000000e+02 
 1.80000000e+00  6.43585077e-01  1.00000000e+00  3.90000000e+02 
 1.80000000e+00  1.60022194e+00  1.00000000e+00  3.91000000e+02 
 1.80000000e+00  6.57774618e-01  1.00000000e+00  3.92000000e+02 
 1.80000000e+00  6.79316667e-01  1.00000000e+00  3.93000000e+02 
 1.80000000e+00  6.61966432e-01  1.00000000e+00  3.94000000e+02 
 1.80000000e+00 -9.64512906e+03  1.00000000e+00  3.95000000e+02 
 1.80000000e+00  6.47468550e-01  1.00000000e+00  3.96000000e+02 
 1.80000000e+00  7.02705748e-01  1.00000000e+00  3.97000000e+02 
 1.80000000e+00  3.37846271e-04  1.00000000e+00  3.98000000e+02 
 1.80000000e+00  6.57427865e-01  1.00000000e+00  3.99000000e+02 
 1.80000000e+00  6.62441625e-01  1.00000000e+00  4.00000000e+02 
 1.80000000e+00  6.51550576e-01  1.00000000e+00  4.01000000e+02 
 1.80000000e+00  6.72088596e-01  1.00000000e+00  4.02000000e+02 
 1.80000000e+00  6.64040176e-01  1.00000000e+00  4.03000000e+02 
 1.80000000e+00  3.35926659e-04  1.00000000e+00  4.04000000e+02 
 1.80000000e+00  6.62596425e-01  1.00000000e+00  4.05000000e+02 
 1.80000000e+00  6.80083220e-01  1.00000000e+00  4.06000000e+02 
 1.80000000e+00  6.34162570e-01  1.00000000e+00  4.07000000e+02 
 1.80000000e+00  6.34354071e-01  1.00000000e+00  4.08000000e+02 
 1.80000000e+00  6.58515193e-01  1.00000000e+00  4.09000000e+02 
 1.80000000e+00  6.37584719e-01  1.00000000e+00  4.10000000e+02 
 1.80000000e+00  6.82643505e-01  1.00000000e+00  4.11000000e+02 
 1.80000000e+00  6.72906506e-01  1.00000000e+00  4.12000000e+02 
 1.80000000e+00  3.38223807e-04  1.00000000e+00  4.13000000e+02 
 1.80000000e+00  6.37794189e-01  1.00000000e+00  4.14000000e+02 
 1.80000000e+00  3.36542607e-04  1.00000000e+00  4.15000000e+02 
 1.80000000e+00  3.37668395e-04  1.00000000e+00  4.16000000e+02 
 1.80000000e+00  6.51985661e-01  1.00000000e+00  4.17000000e+02 
 1.80000000e+00  6.79704631e-01  1.00000000e+00  4.18000000e+02 
 1.80000000e+00  6.23197328e-01  1.00000000e+00  4.19000000e+02 
 1.80000000e+00  1.62529841e-02  1.00000000e+00  4.20000000e+02 
 1.80000000e+00  6.46084303e-01  1.00000000e+00  4.21000000e+02 
 1.80000000e+00  3.38878042e-04  1.00000000e+00  4.22000000e+02 
 1.80000000e+00  3.34681175e-04  1.00000000e+00  4.23000000e+02 
 1.80000000e+00  6.42540956e-01  1.00000000e+00  4.24000000e+02 
 1.80000000e+00  6.76091765e-01  1.00000000e+00  4.25000000e+02 
 1.80000000e+00  6.56479794e-01  1.00000000e+00  4.26000000e+02 
 1.80000000e+00  6.76224800e-01  1.00000000e+00  4.27000000e+02 
 1.80000000e+00  6.53966934e-01  1.00000000e+00  4.28000000e+02 
 1.80000000e+00  6.31850438e-01  1.00000000e+00  4.29000000e+02 
 1.80000000e+00  6.39886522e-01  1.00000000e+00  4.30000000e+02 
 1.80000000e+00  6.65023192e-01  1.00000000e+00  4.31000000e+02 
 1.80000000e+00  6.48065367e-01  1.00000000e+00  4.32000000e+02 
 1.80000000e+00  6.41148814e-01  1.00000000e+00  4.33000000e+02 
 1.80000000e+00  6.51788522e-01  1.00000000e+00  4.34000000e+02 
 1.80000000e+00  6.82332017e-01  1.00000000e+00  4.35000000e+02 
 1.80000000e+00  3.39304263e-04  1.00000000e+00  4.36000000e+02 
 1.80000000e+00  6.48023867e-01  1.00000000e+00  4.37000000e+02 
 1.80000000e+00  6.25997076e-01  1.00000000e+00  4.38000000e+02 
 1.80000000e+00  3.35433817e-04  1.00000000e+00  4.39000000e+02 
 1.80000000e+00  6.86644561e-01  1.00000000e+00  4.40000000e+02 
 1.80000000e+00  6.49169395e-01  1.00000000e+00  4.41000000e+02 
 1.80000000e+00  6.76037684e-01  1.00000000e+00  4.42000000e+02 
 1.80000000e+00  6.73213674e-01  1.00000000e+00  4.43000000e+02 
 1.80000000e+00  6.63488265e-01  1.00000000e+00  4.44000000e+02 
 1.80000000e+00  6.51701663e-01  1.00000000e+00  4.45000000e+02 
 1.80000000e+00  6.50272829e-01  1.00000000e+00  4.46000000e+02 
 1.80000000e+00  3.32429220e-04  1.00000000e+00  4.47000000e+02 
 1.80000000e+00  3.33866129e-04  1.00000000e+00  4.48000000e+02 
 1.80000000e+00  7.06945622e-01  1.00000000e+00  4.49000000e+02 
 1.80000000e+00  6.51978615e-01  1.00000000e+00  4.50000000e+02 
 1.80000000e+00  6.44010758e-01  1.00000000e+00  4.51000000e+02 
 1.80000000e+00  6.86980191e-01  1.00000000e+00  4.52000000e+02 
 1.80000000e+00  6.52947372e-01  1.00000000e+00  4.53000000e+02 
 1.80000000e+00  6.52344532e-01  1.00000000e+00  4.54000000e+02 
 1.80000000e+00  6.79616428e-01  1.00000000e+00  4.55000000e+02 
 1.80000000e+00  6.46372788e-01  1.00000000e+00  4.56000000e+02 
 1.80000000e+00  6.36577921e-01  1.00000000e+00  4.57000000e+02 
 1.80000000e+00  6.72560765e-01  1.00000000e+00  4.58000000e+02 
 1.80000000e+00  6.46213859e-01  1.00000000e+00  4.59000000e+02 
 1.80000000e+00  6.16214167e-01  1.00000000e+00  4.60000000e+02 
 1.80000000e+00  6.48794122e-01  1.00000000e+00  4.61000000e+02 
 1.80000000e+00  4.02442852e-04  1.00000000e+00  4.62000000e+02 
 1.80000000e+00  6.88130635e-01  1.00000000e+00  4.63000000e+02 
 1.80000000e+00  6.47123001e-01  1.00000000e+00  4.64000000e+02 
 1.80000000e+00  6.88015411e-01  1.00000000e+00  4.65000000e+02 
 1.80000000e+00  3.31887490e-04  1.00000000e+00  4.66000000e+02 
 1.80000000e+00  6.46228601e-01  1.00000000e+00  4.67000000e+02 
 1.80000000e+00  3.35965846e-04  1.00000000e+00  4.68000000e+02 
 1.80000000e+00  6.23632667e-01  1.00000000e+00  4.69000000e+02 
 1.80000000e+00  6.58066678e-01  1.00000000e+00  4.70000000e+02 
 1.80000000e+00  6.63328812e-01  1.00000000e+00  4.71000000e+02 
 1.80000000e+00  3.34884566e-04  1.00000000e+00  4.72000000e+02 
 1.80000000e+00  6.46701071e-01  1.00000000e+00  4.73000000e+02 
 1.80000000e+00  1.70992766e+00  1.00000000e+00  4.74000000e+02 
 1.80000000e+00  6.33907246e-01  1.00000000e+00  4.75000000e+02 
 1.80000000e+00  6.62195363e-01  1.00000000e+00  4.76000000e+02 
 1.80000000e+00  6.86820691e-01  1.00000000e+00  4.77000000e+02 
 1.80000000e+00  6.38001656e-01  1.00000000e+00  4.78000000e+02 
 1.80000000e+00  6.56730826e-01  1.00000000e+00  4.79000000e+02 
 1.80000000e+00  6.65413807e-01  1.00000000e+00  4.80000000e+02 
 1.80000000e+00  6.49241438e-01  1.00000000e+00  4.81000000e+02 
 1.80000000e+00  6.69608266e-01  1.00000000e+00  4.82000000e+02 
 1.80000000e+00  3.37371868e-04  1.00000000e+00  4.83000000e+02 
 1.80000000e+00  6.77985740e-01  1.00000000e+00  4.84000000e+02 
 1.80000000e+00  7.01722741e-01  1.00000000e+00  4.85000000e+02 
 1.80000000e+00  6.46806204e-01  1.00000000e+00  4.86000000e+02 
 1.80000000e+00  6.64968772e-01  1.00000000e+00  4.87000000e+02 
 1.80000000e+00  6.78781638e-01  1.00000000e+00  4.88000000e+02 
 1.80000000e+00  6.40185625e-01  1.00000000e+00  4.89000000e+02 
 1.80000000e+00  6.49687129e-01  1.00000000e+00  4.90000000e+02 
 1.80000000e+00  3.32884550e-04  1.00000000e+00  4.91000000e+02 
 1.80000000e+00  6.45658642e-01  1.00000000e+00  4.92000000e+02 
 1.80000000e+00  6.54069921e-01  1.00000000e+00  4.93000000e+02 
 1.80000000e+00  6.39397190e-01  1.00000000e+00  4.94000000e+02 
 1.80000000e+00  6.65407604e-01  1.00000000e+00  4.95000000e+02 
 1.80000000e+00  6.55633261e-01  1.00000000e+00  4.96000000e+02 
 1.80000000e+00  6.19404682e-01  1.00000000e+00  4.97000000e+02 
 1.80000000e+00  6.63002965e-01  1.00000000e+00  4.98000000e+02 
 1.80000000e+00  6.42510673e-01  1.00000000e+00  4.99000000e+02 
 1.80000000e+00  6.45013405e-01  1.00000000e+00  5.00000000e+02 
 1.80000000e+00  1.70857098e+00  1.00000000e+00  5.01000000e+02 
 1.80000000e+00  6.51871012e-01  1.00000000e+00  5.02000000e+02 
 1.80000000e+00  6.49120464e-01  1.00000000e+00  5.03000000e+02 
 1.80000000e+00  7.06040953e-01  1.00000000e+00  5.04000000e+02 
 1.80000000e+00  6.58415490e-01  1.00000000e+00  5.05000000e+02 
 1.80000000e+00  6.32294281e-01  1.00000000e+00  5.06000000e+02 
 1.80000000e+00  6.62123930e-01  1.00000000e+00  5.07000000e+02 
 1.80000000e+00  6.55676836e-01  1.00000000e+00  5.08000000e+02 
 1.80000000e+00  6.29869993e-01  1.00000000e+00  5.09000000e+02 
 1.80000000e+00  6.17004651e-01  1.00000000e+00  5.10000000e+02 
 1.80000000e+00  6.52289627e-01  1.00000000e+00  5.11000000e+02 
 1.80000000e+00  6.55346429e-01  1.00000000e+00  5.12000000e+02 
 1.80000000e+00  3.33910751e-04  1.00000000e+00  5.13000000e+02 
 1.80000000e+00  6.59590871e-01  1.00000000e+00  5.14000000e+02 
 1.80000000e+00  6.49865878e-01  1.00000000e+00  5.15000000e+02 
 1.80000000e+00  6.50935751e-01  1.00000000e+00  5.16000000e+02 
 1.80000000e+00  6.36963885e-01  1.00000000e+00  5.17000000e+02 
 1.80000000e+00  3.36477609e-04  1.00000000e+00  5.18000000e+02 
 1.80000000e+00  6.32550598e-01  1.00000000e+00  5.19000000e+02 
 1.80000000e+00  3.39494358e-04  1.00000000e+00  5.20000000e+02 
 1.80000000e+00  6.55415260e-01  1.00000000e+00  5.21000000e+02 
 1.80000000e+00  6.38794959e-01  1.00000000e+00  5.22000000e+02 
 1.80000000e+00  6.58745836e-01  1.00000000e+00  5.23000000e+02 
 1.80000000e+00  6.45888161e-01  1.00000000e+00  5.24000000e+02 
 1.80000000e+00  6.58597499e-01  1.00000000e+00  5.25000000e+02 
 1.80000000e+00  6.41713374e-01  1.00000000e+00  5.26000000e+02 
 1.80000000e+00  6.32472686e-01  1.00000000e+00  5.27000000e+02 
 1.80000000e+00  6.60064025e-01  1.00000000e+00  5.28000000e+02 
 1.80000000e+00  6.54039350e-01  1.00000000e+00  5.29000000e+02 
 1.80000000e+00  6.54049944e-01  1.00000000e+00  5.30000000e+02 
 1.80000000e+00  6.88529407e-01  1.00000000e+00  5.31000000e+02 
 1.80000000e+00  6.80690937e-01  1.00000000e+00  5.32000000e+02 
 1.80000000e+00  6.65469584e-01  1.00000000e+00  5.33000000e+02 
 1.80000000e+00  6.48181109e-01  1.00000000e+00  5.34000000e+02 
 1.80000000e+00  3.33869750e-04  1.00000000e+00  5.35000000e+02 
 1.80000000e+00  6.54010020e-01  1.00000000e+00  5.36000000e+02 
 1.80000000e+00  3.35996129e-04  1.00000000e+00  5.37000000e+02 
 1.80000000e+00  6.60327611e-01  1.00000000e+00  5.38000000e+02 
 1.80000000e+00  6.60232193e-01  1.00000000e+00  5.39000000e+02 
 1.80000000e+00  6.58602049e-01  1.00000000e+00  5.40000000e+02 
 1.80000000e+00  6.89728501e-01  1.00000000e+00  5.41000000e+02 
 1.80000000e+00  6.81632786e-01  1.00000000e+00  5.42000000e+02 
 1.80000000e+00  3.35169013e-04  1.00000000e+00  5.43000000e+02 
 1.80000000e+00  6.67088673e-01  1.00000000e+00  5.44000000e+02 
 1.80000000e+00  6.32652197e-01  1.00000000e+00  5.45000000e+02 
 1.80000000e+00  6.50005017e-01  1.00000000e+00  5.46000000e+02 
 1.80000000e+00  3.32610980e-04  1.00000000e+00  5.47000000e+02 
 1.80000000e+00  6.34454177e-01  1.00000000e+00  5.48000000e+02 
 1.80000000e+00  6.47963030e-01  1.00000000e+00  5.49000000e+02 
 1.80000000e+00  6.66116811e-01  1.00000000e+00  5.50000000e+02 
 1.80000000e+00  6.72319851e-01  1.00000000e+00  5.51000000e+02 
 1.80000000e+00  6.20878646e-01  1.00000000e+00  5.52000000e+02 
 1.80000000e+00  7.08620865e-01  1.00000000e+00  5.53000000e+02 
 1.80000000e+00  6.63953954e-01  1.00000000e+00  5.54000000e+02 
 1.80000000e+00  6.39946830e-01  1.00000000e+00  5.55000000e+02 
 1.80000000e+00  6.58386958e-01  1.00000000e+00  5.56000000e+02 
 1.80000000e+00  6.33654236e-01  1.00000000e+00  5.57000000e+02 
 1.80000000e+00  6.25249653e-01  1.00000000e+00  5.58000000e+02 
 1.80000000e+00  6.69397667e-01  1.00000000e+00  5.59000000e+02 
 1.80000000e+00  6.58803730e-01  1.00000000e+00  5.60000000e+02 
 1.80000000e+00  6.70636635e-01  1.00000000e+00  5.61000000e+02 
 1.80000000e+00  6.76271542e-01  1.00000000e+00  5.62000000e+02 
 1.80000000e+00  6.41426849e-01  1.00000000e+00  5.63000000e+02 
 1.80000000e+00  3.37649916e-04  1.00000000e+00  5.64000000e+02 
 1.80000000e+00  3.36788992e-04  1.00000000e+00  5.65000000e+02 
 1.80000000e+00  6.71777231e-01  1.00000000e+00  5.66000000e+02 
 1.80000000e+00  6.18660283e-01  1.00000000e+00  5.67000000e+02 
 1.80000000e+00  6.57217270e-01  1.00000000e+00  5.68000000e+02 
 1.80000000e+00  6.38650548e-01  1.00000000e+00  5.69000000e+02 
 1.80000000e+00  6.47342348e-01  1.00000000e+00  5.70000000e+02 
 1.80000000e+00  6.27974073e-01  1.00000000e+00  5.71000000e+02 
 1.80000000e+00  7.15345097e-01  1.00000000e+00  5.72000000e+02 
 1.80000000e+00  6.57663993e-01  1.00000000e+00  5.73000000e+02 
 1.80000000e+00  6.42693616e-01  1.00000000e+00  5.74000000e+02 
 1.80000000e+00  3.33500389e-04  1.00000000e+00  5.75000000e+02 
 1.80000000e+00  6.32321031e-01  1.00000000e+00  5.76000000e+02 
 1.80000000e+00  6.52576012e-01  1.00000000e+00  5.77000000e+02 
 1.80000000e+00  6.60106699e-01  1.00000000e+00  5.78000000e+02 
 1.80000000e+00  6.61040549e-01  1.00000000e+00  5.79000000e+02 
 1.80000000e+00  6.12097742e-01  1.00000000e+00  5.80000000e+02 
 1.80000000e+00  6.43302013e-01  1.00000000e+00  5.81000000e+02 
 1.80000000e+00  6.47353229e-01  1.00000000e+00  5.82000000e+02 
 1.80000000e+00  6.35399833e-01  1.00000000e+00  5.83000000e+02 
 1.80000000e+00  6.28870759e-01  1.00000000e+00  5.84000000e+02 
 1.80000000e+00  6.25192329e-01  1.00000000e+00  5.85000000e+02 
 1.80000000e+00  6.61563265e-01  1.00000000e+00  5.86000000e+02 
 1.80000000e+00  6.34869375e-01  1.00000000e+00  5.87000000e+02 
 1.80000000e+00  6.58380634e-01  1.00000000e+00  5.88000000e+02 
 1.80000000e+00  1.59624916e+00  1.00000000e+00  5.89000000e+02 
 1.80000000e+00  6.64767933e-01  1.00000000e+00  5.90000000e+02 
 1.80000000e+00  6.68469856e-01  1.00000000e+00  5.91000000e+02 
 1.80000000e+00  3.38636539e-04  1.00000000e+00  5.92000000e+02 
 1.80000000e+00  6.30166952e-01  1.00000000e+00  5.93000000e+02 
 1.80000000e+00  7.24470049e-01  1.00000000e+00  5.94000000e+02 
 1.80000000e+00  6.85179415e-01  1.00000000e+00  5.95000000e+02 
 1.80000000e+00  6.51551122e-01  1.00000000e+00  5.96000000e+02 
 1.80000000e+00  6.87045623e-01  1.00000000e+00  5.97000000e+02 
 1.80000000e+00  6.26744977e-01  1.00000000e+00  5.98000000e+02 
 1.80000000e+00  6.52466863e-01  1.00000000e+00  5.99000000e+02 
 1.80000000e+00  3.35302807e-04  1.00000000e+00  6.00000000e+02 
 1.80000000e+00  3.37725179e-04  1.00000000e+00  6.01000000e+02 
 1.80000000e+00  6.45260996e-01  1.00000000e+00  6.02000000e+02 
 1.80000000e+00  6.52111308e-01  1.00000000e+00  6.03000000e+02 
 1.80000000e+00  6.48094400e-01  1.00000000e+00  6.04000000e+02 
 1.80000000e+00  3.34866186e-04  1.00000000e+00  6.05000000e+02 
 1.80000000e+00  6.72638078e-01  1.00000000e+00  6.06000000e+02 
 1.80000000e+00  6.55582256e-01  1.00000000e+00  6.07000000e+02 
 1.80000000e+00  6.70433526e-01  1.00000000e+00  6.08000000e+02 
 1.80000000e+00  6.87692572e-01  1.00000000e+00  6.09000000e+02 
 1.80000000e+00  6.23025670e-01  1.00000000e+00  6.10000000e+02 
 1.80000000e+00  3.37592240e-04  1.00000000e+00  6.11000000e+02 
 1.80000000e+00  6.62165113e-01  1.00000000e+00  6.12000000e+02 
 1.80000000e+00  6.45913006e-01  1.00000000e+00  6.13000000e+02 
 1.80000000e+00  6.38737826e-01  1.00000000e+00  6.14000000e+02 
 1.80000000e+00  6.52689657e-01  1.00000000e+00  6.15000000e+02 
 1.80000000e+00  3.36492412e-04  1.00000000e+00  6.16000000e+02 
 1.80000000e+00  3.35924408e-04  1.00000000e+00  6.17000000e+02 
 1.80000000e+00  6.43934024e-01  1.00000000e+00  6.18000000e+02 
 1.80000000e+00  6.93531430e-01  1.00000000e+00  6.19000000e+02 
 1.80000000e+00  6.33637492e-01  1.00000000e+00  6.20000000e+02 
 1.80000000e+00  6.75414263e-01  1.00000000e+00  6.21000000e+02 
 1.80000000e+00  6.83612153e-01  1.00000000e+00  6.22000000e+02 
 1.80000000e+00  6.69700909e-01  1.00000000e+00  6.23000000e+02 
 1.80000000e+00  6.63119389e-01  1.00000000e+00  6.24000000e+02 
 1.80000000e+00  6.33984360e-01  1.00000000e+00  6.25000000e+02 
 1.80000000e+00  6.79592559e-01  1.00000000e+00  6.26000000e+02 
 1.80000000e+00  6.71583997e-01  1.00000000e+00  6.27000000e+02 
 1.80000000e+00  6.59073347e-01  1.00000000e+00  6.28000000e+02 
 1.80000000e+00  6.29459594e-01  1.00000000e+00  6.29000000e+02 
 1.80000000e+00  6.74551457e-01  1.00000000e+00  6.30000000e+02 
 1.80000000e+00  1.73846542e+00  1.00000000e+00  6.31000000e+02 
 1.80000000e+00  6.49047753e-01  1.00000000e+00  6.32000000e+02 
 1.80000000e+00  6.44851421e-01  1.00000000e+00  6.33000000e+02 
 1.80000000e+00  6.55864070e-01  1.00000000e+00  6.34000000e+02 
 1.80000000e+00  6.45015910e-01  1.00000000e+00  6.35000000e+02 
 1.80000000e+00  6.37223727e-01  1.00000000e+00  6.36000000e+02 
 1.80000000e+00  6.62937193e-01  1.00000000e+00  6.37000000e+02 
 1.80000000e+00  1.74934828e+00  1.00000000e+00  6.38000000e+02 
 1.80000000e+00  6.45262807e-01  1.00000000e+00  6.39000000e+02 
 1.80000000e+00  6.61715721e-01  1.00000000e+00  6.40000000e+02 
 1.80000000e+00  6.04062722e-01  1.00000000e+00  6.41000000e+02 
 1.80000000e+00  6.62422047e-01  1.00000000e+00  6.42000000e+02 
 1.80000000e+00  6.35108112e-01  1.00000000e+00  6.43000000e+02 
 1.80000000e+00  1.59911028e+00  1.00000000e+00  6.44000000e+02 
 1.80000000e+00  6.80764487e-01  1.00000000e+00  6.45000000e+02 
 1.80000000e+00  6.54997137e-01  1.00000000e+00  6.46000000e+02 
 1.80000000e+00  6.48643349e-01  1.00000000e+00  6.47000000e+02 
 1.80000000e+00  6.42714962e-01  1.00000000e+00  6.48000000e+02 
 1.80000000e+00  6.15019675e-01  1.00000000e+00  6.49000000e+02 
 1.80000000e+00  6.71504420e-01  1.00000000e+00  6.50000000e+02 
 1.80000000e+00  6.59798774e-01  1.00000000e+00  6.51000000e+02 
 1.80000000e+00  6.37942252e-01  1.00000000e+00  6.52000000e+02 
 1.80000000e+00  6.46718018e-01  1.00000000e+00  6.53000000e+02 
 1.80000000e+00  6.48443602e-01  1.00000000e+00  6.54000000e+02 
 1.80000000e+00  6.78386537e-01  1.00000000e+00  6.55000000e+02 
 1.80000000e+00  6.56812902e-01  1.00000000e+00  6.56000000e+02 
 1.80000000e+00  6.74604158e-01  1.00000000e+00  6.57000000e+02 
 1.80000000e+00  6.89945442e-01  1.00000000e+00  6.58000000e+02 
 1.80000000e+00  6.89427702e-01  1.00000000e+00  6.59000000e+02 
 1.80000000e+00  6.80274780e-01  1.00000000e+00  6.60000000e+02 
 1.80000000e+00  3.34496976e-04  1.00000000e+00  6.61000000e+02 
 1.80000000e+00  6.89159111e-01  1.00000000e+00  6.62000000e+02 
 1.80000000e+00  6.33866399e-01  1.00000000e+00  6.63000000e+02 
 1.80000000e+00  6.54634477e-01  1.00000000e+00  6.64000000e+02 
 1.80000000e+00  6.75512624e-01  1.00000000e+00  6.65000000e+02 
 1.80000000e+00  6.48256528e-01  1.00000000e+00  6.66000000e+02 
 1.80000000e+00  6.90836058e-01  1.00000000e+00  6.67000000e+02 
 1.80000000e+00  6.76172134e-01  1.00000000e+00  6.68000000e+02 
 1.80000000e+00  3.34229198e-04  1.00000000e+00  6.69000000e+02 
 1.80000000e+00  6.64248621e-01  1.00000000e+00  6.70000000e+02 
 1.80000000e+00  6.71489434e-01  1.00000000e+00  6.71000000e+02 
 1.80000000e+00  6.05746082e-01  1.00000000e+00  6.72000000e+02 
 1.80000000e+00  6.78341731e-01  1.00000000e+00  6.73000000e+02 
 1.80000000e+00  6.68342170e-01  1.00000000e+00  6.74000000e+02 
 1.80000000e+00  6.64951842e-01  1.00000000e+00  6.75000000e+02 
 1.80000000e+00  6.60381989e-01  1.00000000e+00  6.76000000e+02 
 1.80000000e+00  6.38541001e-01  1.00000000e+00  6.77000000e+02 
 1.80000000e+00  6.50250053e-01  1.00000000e+00  6.78000000e+02 
 1.80000000e+00  6.57174667e-01  1.00000000e+00  6.79000000e+02 
 1.80000000e+00  3.37221179e-04  1.00000000e+00  6.80000000e+02 
 1.80000000e+00  6.58536446e-01  1.00000000e+00  6.81000000e+02 
 1.80000000e+00  6.90118281e-01  1.00000000e+00  6.82000000e+02 
 1.80000000e+00  6.51977678e-01  1.00000000e+00  6.83000000e+02 
 1.80000000e+00  6.75999558e-01  1.00000000e+00  6.84000000e+02 
 1.80000000e+00  6.79609373e-01  1.00000000e+00  6.85000000e+02 
 1.80000000e+00  6.83052691e-01  1.00000000e+00  6.86000000e+02 
 1.80000000e+00  6.65936544e-01  1.00000000e+00  6.87000000e+02 
 1.80000000e+00  6.57757624e-01  1.00000000e+00  6.88000000e+02 
 1.80000000e+00  6.48373137e-01  1.00000000e+00  6.89000000e+02 
 1.80000000e+00  6.87054154e-01  1.00000000e+00  6.90000000e+02 
 1.80000000e+00  6.43666880e-01  1.00000000e+00  6.91000000e+02 
 1.80000000e+00  6.70753203e-01  1.00000000e+00  6.92000000e+02 
 1.80000000e+00  6.11836052e-01  1.00000000e+00  6.93000000e+02 
 1.80000000e+00  6.27539834e-01  1.00000000e+00  6.94000000e+02 
 1.80000000e+00  6.67041466e-01  1.00000000e+00  6.95000000e+02 
 1.80000000e+00  6.58235966e-01  1.00000000e+00  6.96000000e+02 
 1.80000000e+00  3.36359667e-04  1.00000000e+00  6.97000000e+02 
 1.80000000e+00  6.54249010e-01  1.00000000e+00  6.98000000e+02 
 1.80000000e+00  6.43149854e-01  1.00000000e+00  6.99000000e+02 
 1.80000000e+00  3.36561886e-04  1.00000000e+00  7.00000000e+02 
 1.80000000e+00  6.83822483e-01  1.00000000e+00  7.01000000e+02 
 1.80000000e+00  6.69230703e-01  1.00000000e+00  7.02000000e+02 
 1.80000000e+00  6.45037103e-01  1.00000000e+00  7.03000000e+02 
 1.80000000e+00  6.37771423e-01  1.00000000e+00  7.04000000e+02 
 1.80000000e+00  6.39959541e-01  1.00000000e+00  7.05000000e+02 
 1.80000000e+00  6.97328407e-01  1.00000000e+00  7.06000000e+02 
 1.80000000e+00  6.47936464e-01  1.00000000e+00  7.07000000e+02 
 1.80000000e+00  6.71342014e-01  1.00000000e+00  7.08000000e+02 
 1.80000000e+00  6.53806050e-01  1.00000000e+00  7.09000000e+02 
 1.80000000e+00  6.33434234e-01  1.00000000e+00  7.10000000e+02 
 1.80000000e+00  1.59937702e+00  1.00000000e+00  7.11000000e+02 
 1.80000000e+00  6.74685144e-01  1.00000000e+00  7.12000000e+02 
 1.80000000e+00  6.72651502e-01  1.00000000e+00  7.13000000e+02 
 1.80000000e+00  6.71344774e-01  1.00000000e+00  7.14000000e+02 
 1.80000000e+00  6.84017563e-01  1.00000000e+00  7.15000000e+02 
 1.80000000e+00  6.44890221e-01  1.00000000e+00  7.16000000e+02 
 1.80000000e+00  6.40707732e-01  1.00000000e+00  7.17000000e+02 
 1.80000000e+00  6.66116029e-01  1.00000000e+00  7.18000000e+02 
 1.80000000e+00  6.56552686e-01  1.00000000e+00  7.19000000e+02 
 1.80000000e+00  6.44011656e-01  1.00000000e+00  7.20000000e+02 
 1.80000000e+00  6.51095070e-01  1.00000000e+00  7.21000000e+02 
 1.80000000e+00  6.20461837e-01  1.00000000e+00  7.22000000e+02 
 1.80000000e+00  6.41679495e-01  1.00000000e+00  7.23000000e+02 
 1.80000000e+00  3.36926423e-04  1.00000000e+00  7.24000000e+02 
 1.80000000e+00  6.62521993e-01  1.00000000e+00  7.25000000e+02 
 1.80000000e+00  3.34200694e-04  1.00000000e+00  7.26000000e+02 
 1.80000000e+00  6.76527364e-01  1.00000000e+00  7.27000000e+02 
 1.80000000e+00  6.71134783e-01  1.00000000e+00  7.28000000e+02 
 1.80000000e+00  6.63901881e-01  1.00000000e+00  7.29000000e+02 
 1.80000000e+00  3.39705702e-04  1.00000000e+00  7.30000000e+02 
 1.80000000e+00  3.35891313e-04  1.00000000e+00  7.31000000e+02 
 1.80000000e+00  3.38777466e-04  1.00000000e+00  7.32000000e+02 
 1.80000000e+00  6.38979001e-01  1.00000000e+00  7.33000000e+02 
 1.80000000e+00  6.76767842e-01  1.00000000e+00  7.34000000e+02 
 1.80000000e+00  6.81541459e-01  1.00000000e+00  7.35000000e+02 
 1.80000000e+00  3.35143692e-04  1.00000000e+00  7.36000000e+02 
 1.80000000e+00  6.48114402e-01  1.00000000e+00  7.37000000e+02 
 1.80000000e+00  6.40915083e-01  1.00000000e+00  7.38000000e+02 
 1.80000000e+00  6.51623759e-01  1.00000000e+00  7.39000000e+02 
 1.80000000e+00  6.80724822e-01  1.00000000e+00  7.40000000e+02 
 1.80000000e+00  7.00230269e-01  1.00000000e+00  7.41000000e+02 
 1.80000000e+00  6.55751038e-01  1.00000000e+00  7.42000000e+02 
 1.80000000e+00  6.68227911e-01  1.00000000e+00  7.43000000e+02 
 1.80000000e+00  6.63232686e-01  1.00000000e+00  7.44000000e+02 
 1.80000000e+00  6.70824234e-01  1.00000000e+00  7.45000000e+02 
 1.80000000e+00  6.96629425e-01  1.00000000e+00  7.46000000e+02 
 1.80000000e+00  6.59572830e-01  1.00000000e+00  7.47000000e+02 
 1.80000000e+00  6.61559169e-01  1.00000000e+00  7.48000000e+02 
 1.80000000e+00  3.34480913e-04  1.00000000e+00  7.49000000e+02 
 1.80000000e+00  3.34778014e-04  1.00000000e+00  7.50000000e+02 
 1.80000000e+00  6.39510633e-01  1.00000000e+00  7.51000000e+02 
 1.80000000e+00  6.65384191e-01  1.00000000e+00  7.52000000e+02 
 1.80000000e+00  6.71171043e-01  1.00000000e+00  7.53000000e+02 
 1.80000000e+00  6.60362501e-01  1.00000000e+00  7.54000000e+02 
 1.80000000e+00  6.53908494e-01  1.00000000e+00  7.55000000e+02 
 1.80000000e+00  3.32116355e-04  1.00000000e+00  7.56000000e+02 
 1.80000000e+00  3.35832662e-04  1.00000000e+00  7.57000000e+02 
 1.80000000e+00  6.49708710e-01  1.00000000e+00  7.58000000e+02 
 1.80000000e+00  6.40151921e-01  1.00000000e+00  7.59000000e+02 
 1.80000000e+00  6.73812195e-01  1.00000000e+00  7.60000000e+02 
 1.80000000e+00  6.70970467e-01  1.00000000e+00  7.61000000e+02 
 1.80000000e+00  6.28296429e-01  1.00000000e+00  7.62000000e+02 
 1.80000000e+00  6.53805987e-01  1.00000000e+00  7.63000000e+02 
 1.80000000e+00  6.38831330e-01  1.00000000e+00  7.64000000e+02 
 1.80000000e+00  6.64627618e-01  1.00000000e+00  7.65000000e+02 
 1.80000000e+00  6.63275736e-01  1.00000000e+00  7.66000000e+02 
 1.80000000e+00  6.65235121e-01  1.00000000e+00  7.67000000e+02 
 1.80000000e+00  6.94947988e-01  1.00000000e+00  7.68000000e+02 
 1.80000000e+00  6.34375983e-01  1.00000000e+00  7.69000000e+02 
 1.80000000e+00 -9.66492707e+03  1.00000000e+00  7.70000000e+02 
 1.80000000e+00  3.37023855e-04  1.00000000e+00  7.71000000e+02 
 1.80000000e+00  6.62301847e-01  1.00000000e+00  7.72000000e+02 
 1.80000000e+00  6.61456219e-01  1.00000000e+00  7.73000000e+02 
 1.80000000e+00  6.51882163e-01  1.00000000e+00  7.74000000e+02 
 1.80000000e+00  6.96468090e-01  1.00000000e+00  7.75000000e+02 
 1.80000000e+00  6.67512794e-01  1.00000000e+00  7.76000000e+02 
 1.80000000e+00  6.48467913e-01  1.00000000e+00  7.77000000e+02 
 1.80000000e+00  6.58886400e-01  1.00000000e+00  7.78000000e+02 
 1.80000000e+00  3.34427464e-04  1.00000000e+00  7.79000000e+02 
 1.80000000e+00  6.21930893e-01  1.00000000e+00  7.80000000e+02 
 1.80000000e+00  6.44628224e-01  1.00000000e+00  7.81000000e+02 
 1.80000000e+00  6.59719619e-01  1.00000000e+00  7.82000000e+02 
 1.80000000e+00  4.08928115e-02  1.00000000e+00  7.83000000e+02 
 1.80000000e+00  6.36240663e-01  1.00000000e+00  7.84000000e+02 
 1.80000000e+00  6.35866726e-01  1.00000000e+00  7.85000000e+02 
 1.80000000e+00  6.64148911e-01  1.00000000e+00  7.86000000e+02 
 1.80000000e+00  6.16456320e-01  1.00000000e+00  7.87000000e+02 
 1.80000000e+00  6.43775895e-01  1.00000000e+00  7.88000000e+02 
 1.80000000e+00  6.77955211e-01  1.00000000e+00  7.89000000e+02 
 1.80000000e+00  3.34485634e-04  1.00000000e+00  7.90000000e+02 
 1.80000000e+00  6.31143593e-01  1.00000000e+00  7.91000000e+02 
 1.80000000e+00  3.36724598e-04  1.00000000e+00  7.92000000e+02 
 1.80000000e+00  6.63702754e-01  1.00000000e+00  7.93000000e+02 
 1.80000000e+00  6.41490763e-01  1.00000000e+00  7.94000000e+02 
 1.80000000e+00  6.87840154e-01  1.00000000e+00  7.95000000e+02 
 1.80000000e+00  6.47415608e-01  1.00000000e+00  7.96000000e+02 
 1.80000000e+00  6.60011339e-01  1.00000000e+00  7.97000000e+02 
 1.80000000e+00  6.67443932e-01  1.00000000e+00  7.98000000e+02 
 1.80000000e+00  6.50632217e-01  1.00000000e+00  7.99000000e+02 
 1.80000000e+00  3.34901675e-04  1.00000000e+00  8.00000000e+02 
 1.80000000e+00  6.56517891e-01  1.00000000e+00  8.01000000e+02 
 1.80000000e+00  6.35149427e-01  1.00000000e+00  8.02000000e+02 
 1.80000000e+00  6.34998041e-01  1.00000000e+00  8.03000000e+02 
 1.80000000e+00  6.44205598e-01  1.00000000e+00  8.04000000e+02 
 1.80000000e+00  6.56324593e-01  1.00000000e+00  8.05000000e+02 
 1.80000000e+00  6.56117616e-01  1.00000000e+00  8.06000000e+02 
 1.80000000e+00  6.59859563e-01  1.00000000e+00  8.07000000e+02 
 1.80000000e+00  6.41967144e-01  1.00000000e+00  8.08000000e+02 
 1.80000000e+00  6.66083300e-01  1.00000000e+00  8.09000000e+02 
 1.80000000e+00  3.33205351e-04  1.00000000e+00  8.10000000e+02 
 1.80000000e+00  3.34821908e-04  1.00000000e+00  8.11000000e+02 
 1.80000000e+00  6.59872404e-01  1.00000000e+00  8.12000000e+02 
 1.80000000e+00  1.60047682e+00  1.00000000e+00  8.13000000e+02 
 1.80000000e+00  6.69762238e-01  1.00000000e+00  8.14000000e+02 
 1.80000000e+00  3.33185620e-04  1.00000000e+00  8.15000000e+02 
 1.80000000e+00  6.39782894e-01  1.00000000e+00  8.16000000e+02 
 1.80000000e+00  3.34895766e-04  1.00000000e+00  8.17000000e+02 
 1.80000000e+00  6.98255822e-01  1.00000000e+00  8.18000000e+02 
 1.80000000e+00  6.90835185e-01  1.00000000e+00  8.19000000e+02 
 1.80000000e+00  6.47422981e-01  1.00000000e+00  8.20000000e+02 
 1.80000000e+00  3.33592162e-04  1.00000000e+00  8.21000000e+02 
 1.80000000e+00  6.62251861e-01  1.00000000e+00  8.22000000e+02 
 1.80000000e+00  3.35758040e-04  1.00000000e+00  8.23000000e+02 
 1.80000000e+00  3.36542467e-04  1.00000000e+00  8.24000000e+02 
 1.80000000e+00  6.80612638e-01  1.00000000e+00  8.25000000e+02 
 1.80000000e+00  6.56409654e-01  1.00000000e+00  8.26000000e+02 
 1.80000000e+00  6.54058692e-01  1.00000000e+00  8.27000000e+02 
 1.80000000e+00  6.39333137e-01  1.00000000e+00  8.28000000e+02 
 1.80000000e+00  6.22716474e-01  1.00000000e+00  8.29000000e+02 
 1.80000000e+00  6.63455164e-01  1.00000000e+00  8.30000000e+02 
 1.80000000e+00  6.49605053e-01  1.00000000e+00  8.31000000e+02 
 1.80000000e+00  6.96252219e-01  1.00000000e+00  8.32000000e+02 
 1.80000000e+00  6.90425574e-01  1.00000000e+00  8.33000000e+02 
 1.80000000e+00  6.43976617e-01  1.00000000e+00  8.34000000e+02 
 1.80000000e+00  6.49452898e-01  1.00000000e+00  8.35000000e+02 
 1.80000000e+00  6.70771961e-01  1.00000000e+00  8.36000000e+02 
 1.80000000e+00  6.53005674e-01  1.00000000e+00  8.37000000e+02 
 1.80000000e+00  3.35867080e-04  1.00000000e+00  8.38000000e+02 
 1.80000000e+00  6.39142912e-01  1.00000000e+00  8.39000000e+02 
 1.80000000e+00  6.65920419e-01  1.00000000e+00  8.40000000e+02 
 1.80000000e+00  6.24897789e-01  1.00000000e+00  8.41000000e+02 
 1.80000000e+00  7.04137614e-01  1.00000000e+00  8.42000000e+02 
 1.80000000e+00  6.77229720e-01  1.00000000e+00  8.43000000e+02 
 1.80000000e+00  6.49661747e-01  1.00000000e+00  8.44000000e+02 
 1.80000000e+00  6.59831745e-01  1.00000000e+00  8.45000000e+02 
 1.80000000e+00  6.76991094e-01  1.00000000e+00  8.46000000e+02 
 1.80000000e+00  6.45445017e-01  1.00000000e+00  8.47000000e+02 
 1.80000000e+00  6.78500155e-01  1.00000000e+00  8.48000000e+02 
 1.80000000e+00  6.60835765e-01  1.00000000e+00  8.49000000e+02 
 1.80000000e+00  6.31958168e-01  1.00000000e+00  8.50000000e+02 
 1.80000000e+00  6.61365529e-01  1.00000000e+00  8.51000000e+02 
 1.80000000e+00  6.40378954e-01  1.00000000e+00  8.52000000e+02 
 1.80000000e+00  6.63714350e-01  1.00000000e+00  8.53000000e+02 
 1.80000000e+00  6.49367060e-01  1.00000000e+00  8.54000000e+02 
 1.80000000e+00  6.59543865e-01  1.00000000e+00  8.55000000e+02 
 1.80000000e+00  6.85651347e-01  1.00000000e+00  8.56000000e+02 
 1.80000000e+00  6.49863901e-01  1.00000000e+00  8.57000000e+02 
 1.80000000e+00  6.42113420e-01  1.00000000e+00  8.58000000e+02 
 1.80000000e+00  6.26376354e-01  1.00000000e+00  8.59000000e+02 
 1.80000000e+00  6.51471748e-01  1.00000000e+00  8.60000000e+02 
 1.80000000e+00  6.29294210e-01  1.00000000e+00  8.61000000e+02 
 1.80000000e+00  6.71631778e-01  1.00000000e+00  8.62000000e+02 
 1.80000000e+00  6.82732415e-01  1.00000000e+00  8.63000000e+02 
 1.80000000e+00  6.50105889e-01  1.00000000e+00  8.64000000e+02 
 1.80000000e+00  6.70834304e-01  1.00000000e+00  8.65000000e+02 
 1.80000000e+00  6.30188664e-01  1.00000000e+00  8.66000000e+02 
 1.80000000e+00  6.21766857e-01  1.00000000e+00  8.67000000e+02 
 1.80000000e+00  3.35644570e-04  1.00000000e+00  8.68000000e+02 
 1.80000000e+00  6.48563375e-01  1.00000000e+00  8.69000000e+02 
 1.80000000e+00  6.34019913e-01  1.00000000e+00  8.70000000e+02 
 1.80000000e+00  6.38594714e-01  1.00000000e+00  8.71000000e+02 
 1.80000000e+00  6.58205220e-01  1.00000000e+00  8.72000000e+02 
 1.80000000e+00  6.71004795e-01  1.00000000e+00  8.73000000e+02 
 1.80000000e+00  6.69339382e-01  1.00000000e+00  8.74000000e+02 
 1.80000000e+00  6.38545070e-01  1.00000000e+00  8.75000000e+02 
 1.80000000e+00  6.68633741e-01  1.00000000e+00  8.76000000e+02 
 1.80000000e+00  6.74183202e-01  1.00000000e+00  8.77000000e+02 
 1.80000000e+00  6.60069612e-01  1.00000000e+00  8.78000000e+02 
 1.80000000e+00  6.48561164e-01  1.00000000e+00  8.79000000e+02 
 1.80000000e+00  6.83419555e-01  1.00000000e+00  8.80000000e+02 
 1.80000000e+00  6.98676309e-01  1.00000000e+00  8.81000000e+02 
 1.80000000e+00  6.29351919e-01  1.00000000e+00  8.82000000e+02 
 1.80000000e+00  3.35719383e-04  1.00000000e+00  8.83000000e+02 
 1.80000000e+00  6.56036998e-01  1.00000000e+00  8.84000000e+02 
 1.80000000e+00  6.87481145e-01  1.00000000e+00  8.85000000e+02 
 1.80000000e+00  6.70872273e-01  1.00000000e+00  8.86000000e+02 
 1.80000000e+00  6.73232475e-01  1.00000000e+00  8.87000000e+02 
 1.80000000e+00  6.65047396e-01  1.00000000e+00  8.88000000e+02 
 1.80000000e+00  6.94041553e-01  1.00000000e+00  8.89000000e+02 
 1.80000000e+00  6.44813669e-01  1.00000000e+00  8.90000000e+02 
 1.80000000e+00  6.42768467e-01  1.00000000e+00  8.91000000e+02 
 1.80000000e+00  6.66451029e-01  1.00000000e+00  8.92000000e+02 
 1.80000000e+00  6.62971680e-01  1.00000000e+00  8.93000000e+02 
 1.80000000e+00  6.82245755e-01  1.00000000e+00  8.94000000e+02 
 1.80000000e+00  7.08455319e-01  1.00000000e+00  8.95000000e+02 
 1.80000000e+00  6.44942942e-01  1.00000000e+00  8.96000000e+02 
 1.80000000e+00  3.40477914e-04  1.00000000e+00  8.97000000e+02 
 1.80000000e+00  6.46631625e-01  1.00000000e+00  8.98000000e+02 
 1.80000000e+00  6.93028570e-01  1.00000000e+00  8.99000000e+02 
 1.80000000e+00  6.25924527e-01  1.00000000e+00  9.00000000e+02 
 1.80000000e+00  6.58674538e-01  1.00000000e+00  9.01000000e+02 
 1.80000000e+00  6.83628951e-01  1.00000000e+00  9.02000000e+02 
 1.80000000e+00  6.42274721e-01  1.00000000e+00  9.03000000e+02 
 1.80000000e+00  6.69105752e-01  1.00000000e+00  9.04000000e+02 
 1.80000000e+00  6.51587153e-01  1.00000000e+00  9.05000000e+02 
 1.80000000e+00  7.01412791e-01  1.00000000e+00  9.06000000e+02 
 1.80000000e+00  6.71524970e-01  1.00000000e+00  9.07000000e+02 
 1.80000000e+00  6.60952605e-01  1.00000000e+00  9.08000000e+02 
 1.80000000e+00  6.17775255e-01  1.00000000e+00  9.09000000e+02 
 1.80000000e+00  6.45852227e-01  1.00000000e+00  9.10000000e+02 
 1.80000000e+00  3.37327923e-04  1.00000000e+00  9.11000000e+02 
 1.80000000e+00  6.60386750e-01  1.00000000e+00  9.12000000e+02 
 1.80000000e+00  6.51748346e-01  1.00000000e+00  9.13000000e+02 
 1.80000000e+00  3.40537627e-04  1.00000000e+00  9.14000000e+02 
 1.80000000e+00  6.39381384e-01  1.00000000e+00  9.15000000e+02 
 1.80000000e+00  6.58517915e-01  1.00000000e+00  9.16000000e+02 
 1.80000000e+00  3.38840123e-04  1.00000000e+00  9.17000000e+02 
 1.80000000e+00  6.25350745e-01  1.00000000e+00  9.18000000e+02 
 1.80000000e+00  6.90092841e-01  1.00000000e+00  9.19000000e+02 
 1.80000000e+00  6.63667666e-01  1.00000000e+00  9.20000000e+02 
 1.80000000e+00  6.32062944e-01  1.00000000e+00  9.21000000e+02 
 1.80000000e+00  3.35990718e-04  1.00000000e+00  9.22000000e+02 
 1.80000000e+00  6.68459460e-01  1.00000000e+00  9.23000000e+02 
 1.80000000e+00  6.79898210e-01  1.00000000e+00  9.24000000e+02 
 1.80000000e+00  6.60620841e-01  1.00000000e+00  9.25000000e+02 
 1.80000000e+00  6.59033877e-01  1.00000000e+00  9.26000000e+02 
 1.80000000e+00  6.88356657e-01  1.00000000e+00  9.27000000e+02 
 1.80000000e+00  6.57925300e-01  1.00000000e+00  9.28000000e+02 
 1.80000000e+00  6.32934014e-01  1.00000000e+00  9.29000000e+02 
 1.80000000e+00  3.61863529e-04  1.00000000e+00  9.30000000e+02 
 1.80000000e+00  6.61405089e-01  1.00000000e+00  9.31000000e+02 
 1.80000000e+00  6.71067826e-01  1.00000000e+00  9.32000000e+02 
 1.80000000e+00  3.36627401e-04  1.00000000e+00  9.33000000e+02 
 1.80000000e+00  6.74821113e-01  1.00000000e+00  9.34000000e+02 
 1.80000000e+00  6.47830707e-01  1.00000000e+00  9.35000000e+02 
 1.80000000e+00  3.35113388e-04  1.00000000e+00  9.36000000e+02 
 1.80000000e+00  6.27264929e-01  1.00000000e+00  9.37000000e+02 
 1.80000000e+00  6.43590344e-01  1.00000000e+00  9.38000000e+02 
 1.80000000e+00  6.49893723e-01  1.00000000e+00  9.39000000e+02 
 1.80000000e+00  6.11798696e-01  1.00000000e+00  9.40000000e+02 
 1.80000000e+00  6.36560100e-01  1.00000000e+00  9.41000000e+02 
 1.80000000e+00  6.61351811e-01  1.00000000e+00  9.42000000e+02 
 1.80000000e+00  1.60047658e+00  1.00000000e+00  9.43000000e+02 
 1.80000000e+00  6.38377798e-01  1.00000000e+00  9.44000000e+02 
 1.80000000e+00  3.34637267e-04  1.00000000e+00  9.45000000e+02 
 1.80000000e+00  6.93267679e-01  1.00000000e+00  9.46000000e+02 
 1.80000000e+00  6.41997083e-01  1.00000000e+00  9.47000000e+02 
 1.80000000e+00  6.65108459e-01  1.00000000e+00  9.48000000e+02 
 1.80000000e+00  3.38368026e-04  1.00000000e+00  9.49000000e+02 
 1.80000000e+00  6.18726066e-01  1.00000000e+00  9.50000000e+02 
 1.80000000e+00  4.98826899e-02  1.00000000e+00  9.51000000e+02 
 1.80000000e+00  6.55754988e-01  1.00000000e+00  9.52000000e+02 
 1.80000000e+00  6.44865306e-01  1.00000000e+00  9.53000000e+02 
 1.80000000e+00  6.84685020e-01  1.00000000e+00  9.54000000e+02 
 1.80000000e+00  6.71190963e-01  1.00000000e+00  9.55000000e+02 
 1.80000000e+00  6.60922653e-01  1.00000000e+00  9.56000000e+02 
 1.80000000e+00  6.71712908e-01  1.00000000e+00  9.57000000e+02 
 1.80000000e+00  6.56053664e-01  1.00000000e+00  9.58000000e+02 
 1.80000000e+00  6.35214391e-01  1.00000000e+00  9.59000000e+02 
 1.80000000e+00  3.36465371e-04  1.00000000e+00  9.60000000e+02 
 1.80000000e+00  6.38767373e-01  1.00000000e+00  9.61000000e+02 
 1.80000000e+00  6.54431950e-01  1.00000000e+00  9.62000000e+02 
 1.80000000e+00  6.61920381e-01  1.00000000e+00  9.63000000e+02 
 1.80000000e+00  3.35556795e-04  1.00000000e+00  9.64000000e+02 
 1.80000000e+00  3.36567768e-04  1.00000000e+00  9.65000000e+02 
 1.80000000e+00  6.43748020e-01  1.00000000e+00  9.66000000e+02 
 1.80000000e+00  6.65016443e-01  1.00000000e+00  9.67000000e+02 
 1.80000000e+00  6.64035830e-01  1.00000000e+00  9.68000000e+02 
 1.80000000e+00  3.36396335e-04  1.00000000e+00  9.69000000e+02 
 1.80000000e+00  6.70808860e-01  1.00000000e+00  9.70000000e+02 
 1.80000000e+00  6.61722372e-01  1.00000000e+00  9.71000000e+02 
 1.80000000e+00  6.33288034e-01  1.00000000e+00  9.72000000e+02 
 1.80000000e+00  6.59697480e-01  1.00000000e+00  9.73000000e+02 
 1.80000000e+00  3.37506262e-04  1.00000000e+00  9.74000000e+02 
 1.80000000e+00  6.44858692e-01  1.00000000e+00  9.75000000e+02 
 1.80000000e+00  6.96514973e-01  1.00000000e+00  9.76000000e+02 
 1.80000000e+00  6.65188544e-01  1.00000000e+00  9.77000000e+02 
 1.80000000e+00  6.31598491e-01  1.00000000e+00  9.78000000e+02 
 1.80000000e+00  6.46664555e-01  1.00000000e+00  9.79000000e+02 
 1.80000000e+00  6.44075205e-01  1.00000000e+00  9.80000000e+02 
 1.80000000e+00  6.78429846e-01  1.00000000e+00  9.81000000e+02 
 1.80000000e+00  6.65163386e-01  1.00000000e+00  9.82000000e+02 
 1.80000000e+00  3.38407981e-04  1.00000000e+00  9.83000000e+02 
 1.80000000e+00  6.91881541e-01  1.00000000e+00  9.84000000e+02 
 1.80000000e+00  6.34142583e-01  1.00000000e+00  9.85000000e+02 
 1.80000000e+00  3.34015621e-04  1.00000000e+00  9.86000000e+02 
 1.80000000e+00  6.49427772e-01  1.00000000e+00  9.87000000e+02 
 1.80000000e+00  6.61543879e-01  1.00000000e+00  9.88000000e+02 
 1.80000000e+00  6.67986293e-01  1.00000000e+00  9.89000000e+02 
 1.80000000e+00  6.68126971e-01  1.00000000e+00  9.90000000e+02 
 1.80000000e+00  6.66543595e-01  1.00000000e+00  9.91000000e+02 
 1.80000000e+00  6.67027169e-01  1.00000000e+00  9.92000000e+02 
 1.80000000e+00  6.35544909e-01  1.00000000e+00  9.93000000e+02 
 1.80000000e+00  3.34780450e-04  1.00000000e+00  9.94000000e+02 
 1.80000000e+00  6.90381299e-01  1.00000000e+00  9.95000000e+02 
 1.80000000e+00  6.56316478e-01  1.00000000e+00  9.96000000e+02 
 1.80000000e+00  6.99148129e-01  1.00000000e+00  9.97000000e+02 
 1.80000000e+00  3.35882519e-04  1.00000000e+00  9.98000000e+02 
 1.80000000e+00  6.66702064e-01  1.00000000e+00  9.99000000e+02 
