 1.80000000e+00  6.30632074e-01  1.00000000e+00  0.00000000e+00 
 1.80000000e+00  6.46018916e-01  1.00000000e+00  1.00000000e+00 
 1.80000000e+00  6.62032771e-01  1.00000000e+00  2.00000000e+00 
 1.80000000e+00  6.32240475e-01  1.00000000e+00  3.00000000e+00 
 1.80000000e+00  6.41521807e-01  1.00000000e+00  4.00000000e+00 
 1.80000000e+00  6.22691446e-01  1.00000000e+00  5.00000000e+00 
 1.80000000e+00  5.93845173e-01  1.00000000e+00  6.00000000e+00 
 1.80000000e+00  6.82176375e-01  1.00000000e+00  7.00000000e+00 
 1.80000000e+00  6.65506773e-01  1.00000000e+00  8.00000000e+00 
 1.80000000e+00  6.63899662e-01  1.00000000e+00  9.00000000e+00 
 1.80000000e+00  6.45680269e-01  1.00000000e+00  1.00000000e+01 
 1.80000000e+00  6.70835359e-01  1.00000000e+00  1.10000000e+01 
 1.80000000e+00  6.07298500e-01  1.00000000e+00  1.20000000e+01 
 1.80000000e+00  6.50684485e-01  1.00000000e+00  1.30000000e+01 
 1.80000000e+00  6.64647029e-01  1.00000000e+00  1.40000000e+01 
 1.80000000e+00  6.50418531e-01  1.00000000e+00  1.50000000e+01 
 1.80000000e+00  6.09533866e-01  1.00000000e+00  1.60000000e+01 
 1.80000000e+00  6.43890014e-01  1.00000000e+00  1.70000000e+01 
 1.80000000e+00  6.23480396e-01  1.00000000e+00  1.80000000e+01 
 1.80000000e+00  6.68179222e-01  1.00000000e+00  1.90000000e+01 
 1.80000000e+00  6.61215582e-01  1.00000000e+00  2.00000000e+01 
 1.80000000e+00  6.45922433e-01  1.00000000e+00  2.10000000e+01 
 1.80000000e+00  6.97349276e-01  1.00000000e+00  2.20000000e+01 
 1.80000000e+00  1.59847635e+00  1.00000000e+00  2.30000000e+01 
 1.80000000e+00  6.46569766e-01  1.00000000e+00  2.40000000e+01 
 1.80000000e+00  6.04436074e-01  1.00000000e+00  2.50000000e+01 
 1.80000000e+00  6.47941195e-01  1.00000000e+00  2.60000000e+01 
 1.80000000e+00  5.96488904e-01  1.00000000e+00  2.70000000e+01 
 1.80000000e+00  6.75219657e-01  1.00000000e+00  2.80000000e+01 
 1.80000000e+00  6.84200653e-01  1.00000000e+00  2.90000000e+01 
 1.80000000e+00  6.56440086e-01  1.00000000e+00  3.00000000e+01 
 1.80000000e+00  6.62739746e-01  1.00000000e+00  3.10000000e+01 
 1.80000000e+00  6.44885788e-01  1.00000000e+00  3.20000000e+01 
 1.80000000e+00  6.33059359e-01  1.00000000e+00  3.30000000e+01 
 1.80000000e+00  6.58006504e-01  1.00000000e+00  3.40000000e+01 
 1.80000000e+00  6.18762855e-01  1.00000000e+00  3.50000000e+01 
 1.80000000e+00  6.81225394e-02  1.00000000e+00  3.60000000e+01 
 1.80000000e+00  6.77227799e-01  1.00000000e+00  3.70000000e+01 
 1.80000000e+00  6.55460065e-01  1.00000000e+00  3.80000000e+01 
 1.80000000e+00  6.47305071e-01  1.00000000e+00  3.90000000e+01 
 1.80000000e+00  6.48975530e-01  1.00000000e+00  4.00000000e+01 
 1.80000000e+00  6.57153357e-01  1.00000000e+00  4.10000000e+01 
 1.80000000e+00  6.65959556e-01  1.00000000e+00  4.20000000e+01 
 1.80000000e+00  6.58206050e-01  1.00000000e+00  4.30000000e+01 
 1.80000000e+00 -9.77746240e+03  1.00000000e+00  4.40000000e+01 
 1.80000000e+00  6.58048829e-01  1.00000000e+00  4.50000000e+01 
 1.80000000e+00  6.62112758e-01  1.00000000e+00  4.60000000e+01 
 1.80000000e+00  6.84442012e-01  1.00000000e+00  4.70000000e+01 
 1.80000000e+00  6.68500374e-01  1.00000000e+00  4.80000000e+01 
 1.80000000e+00  6.57974671e-01  1.00000000e+00  4.90000000e+01 
 1.80000000e+00  6.48291170e-01  1.00000000e+00  5.00000000e+01 
 1.80000000e+00  6.59427149e-01  1.00000000e+00  5.10000000e+01 
 1.80000000e+00  6.77752911e-01  1.00000000e+00  5.20000000e+01 
 1.80000000e+00  6.25436451e-01  1.00000000e+00  5.30000000e+01 
 1.80000000e+00  6.50809073e-01  1.00000000e+00  5.40000000e+01 
 1.80000000e+00  6.41306759e-01  1.00000000e+00  5.50000000e+01 
 1.80000000e+00  6.81809265e-01  1.00000000e+00  5.60000000e+01 
 1.80000000e+00  6.09634393e-01  1.00000000e+00  5.70000000e+01 
 1.80000000e+00  6.81955447e-01  1.00000000e+00  5.80000000e+01 
 1.80000000e+00  6.44417356e-01  1.00000000e+00  5.90000000e+01 
 1.80000000e+00  6.50135957e-01  1.00000000e+00  6.00000000e+01 
 1.80000000e+00  6.58605643e-01  1.00000000e+00  6.10000000e+01 
 1.80000000e+00  6.36695239e-01  1.00000000e+00  6.20000000e+01 
 1.80000000e+00  6.37202755e-01  1.00000000e+00  6.30000000e+01 
 1.80000000e+00  6.53683449e-01  1.00000000e+00  6.40000000e+01 
 1.80000000e+00  6.48260737e-01  1.00000000e+00  6.50000000e+01 
 1.80000000e+00  6.42943125e-01  1.00000000e+00  6.60000000e+01 
 1.80000000e+00  6.38497660e-01  1.00000000e+00  6.70000000e+01 
 1.80000000e+00  6.25845554e-01  1.00000000e+00  6.80000000e+01 
 1.80000000e+00  6.79936905e-01  1.00000000e+00  6.90000000e+01 
 1.80000000e+00  6.52012611e-01  1.00000000e+00  7.00000000e+01 
 1.80000000e+00  6.71305131e-01  1.00000000e+00  7.10000000e+01 
 1.80000000e+00  6.51597751e-01  1.00000000e+00  7.20000000e+01 
 1.80000000e+00  6.02107480e-01  1.00000000e+00  7.30000000e+01 
 1.80000000e+00  6.88402502e-01  1.00000000e+00  7.40000000e+01 
 1.80000000e+00  6.72963844e-01  1.00000000e+00  7.50000000e+01 
 1.80000000e+00  6.49744742e-01  1.00000000e+00  7.60000000e+01 
 1.80000000e+00  1.35263496e-06  1.00000000e+00  7.70000000e+01 
 1.80000000e+00  6.37491854e-01  1.00000000e+00  7.80000000e+01 
 1.80000000e+00  6.50068638e-01  1.00000000e+00  7.90000000e+01 
 1.80000000e+00  6.58089786e-01  1.00000000e+00  8.00000000e+01 
 1.80000000e+00  6.31804505e-01  1.00000000e+00  8.10000000e+01 
 1.80000000e+00  6.18713883e-01  1.00000000e+00  8.20000000e+01 
 1.80000000e+00  6.71438937e-01  1.00000000e+00  8.30000000e+01 
 1.80000000e+00  6.66864021e-01  1.00000000e+00  8.40000000e+01 
 1.80000000e+00  6.92139665e-02  1.00000000e+00  8.50000000e+01 
 1.80000000e+00  6.36081877e-01  1.00000000e+00  8.60000000e+01 
 1.80000000e+00  6.72789978e-01  1.00000000e+00  8.70000000e+01 
 1.80000000e+00  6.33104095e-01  1.00000000e+00  8.80000000e+01 
 1.80000000e+00  6.64525727e-01  1.00000000e+00  8.90000000e+01 
 1.80000000e+00  6.36625750e-01  1.00000000e+00  9.00000000e+01 
 1.80000000e+00  6.56939198e-01  1.00000000e+00  9.10000000e+01 
 1.80000000e+00  6.72785282e-01  1.00000000e+00  9.20000000e+01 
 1.80000000e+00  6.94864354e-01  1.00000000e+00  9.30000000e+01 
 1.80000000e+00  6.13603247e-01  1.00000000e+00  9.40000000e+01 
 1.80000000e+00  6.29249731e-01  1.00000000e+00  9.50000000e+01 
 1.80000000e+00  6.47199319e-01  1.00000000e+00  9.60000000e+01 
 1.80000000e+00  6.57457262e-01  1.00000000e+00  9.70000000e+01 
 1.80000000e+00  6.49242768e-01  1.00000000e+00  9.80000000e+01 
 1.80000000e+00  6.21235593e-01  1.00000000e+00  9.90000000e+01 
 1.80000000e+00  6.37716347e-01  1.00000000e+00  1.00000000e+02 
 1.80000000e+00  6.32306522e-01  1.00000000e+00  1.01000000e+02 
 1.80000000e+00  1.32878837e-06  1.00000000e+00  1.02000000e+02 
 1.80000000e+00  6.88268686e-01  1.00000000e+00  1.03000000e+02 
 1.80000000e+00  6.61354467e-01  1.00000000e+00  1.04000000e+02 
 1.80000000e+00  6.41217046e-01  1.00000000e+00  1.05000000e+02 
 1.80000000e+00  6.14780943e-01  1.00000000e+00  1.06000000e+02 
 1.80000000e+00  6.72613622e-01  1.00000000e+00  1.07000000e+02 
 1.80000000e+00  6.57730352e-01  1.00000000e+00  1.08000000e+02 
 1.80000000e+00  6.36112449e-01  1.00000000e+00  1.09000000e+02 
 1.80000000e+00  6.79709820e-01  1.00000000e+00  1.10000000e+02 
 1.80000000e+00  6.60056571e-01  1.00000000e+00  1.11000000e+02 
 1.80000000e+00  6.78519159e-01  1.00000000e+00  1.12000000e+02 
 1.80000000e+00  6.22840581e-01  1.00000000e+00  1.13000000e+02 
 1.80000000e+00  6.60543891e-01  1.00000000e+00  1.14000000e+02 
 1.80000000e+00  6.67126153e-01  1.00000000e+00  1.15000000e+02 
 1.80000000e+00  6.38680852e-01  1.00000000e+00  1.16000000e+02 
 1.80000000e+00  6.58967713e-01  1.00000000e+00  1.17000000e+02 
 1.80000000e+00  6.21148356e-01  1.00000000e+00  1.18000000e+02 
 1.80000000e+00  6.91350592e-01  1.00000000e+00  1.19000000e+02 
 1.80000000e+00  1.34567584e-06  1.00000000e+00  1.20000000e+02 
 1.80000000e+00  6.09105112e-01  1.00000000e+00  1.21000000e+02 
 1.80000000e+00  1.93797356e-01  1.00000000e+00  1.22000000e+02 
 1.80000000e+00  6.57905368e-01  1.00000000e+00  1.23000000e+02 
 1.80000000e+00  6.55722710e-01  1.00000000e+00  1.24000000e+02 
 1.80000000e+00  6.78479052e-01  1.00000000e+00  1.25000000e+02 
 1.80000000e+00  6.91482591e-01  1.00000000e+00  1.26000000e+02 
 1.80000000e+00  6.90088075e-01  1.00000000e+00  1.27000000e+02 
 1.80000000e+00  6.16135682e-01  1.00000000e+00  1.28000000e+02 
 1.80000000e+00  6.84334866e-01  1.00000000e+00  1.29000000e+02 
 1.80000000e+00 -9.58606756e+03  1.00000000e+00  1.30000000e+02 
 1.80000000e+00  6.76426932e-01  1.00000000e+00  1.31000000e+02 
 1.80000000e+00  6.49513023e-01  1.00000000e+00  1.32000000e+02 
 1.80000000e+00  1.60750107e+00  1.00000000e+00  1.33000000e+02 
 1.80000000e+00  6.38254893e-01  1.00000000e+00  1.34000000e+02 
 1.80000000e+00  6.32317905e-01  1.00000000e+00  1.35000000e+02 
 1.80000000e+00  6.78285581e-01  1.00000000e+00  1.36000000e+02 
 1.80000000e+00  6.86133282e-01  1.00000000e+00  1.37000000e+02 
 1.80000000e+00  6.42899811e-01  1.00000000e+00  1.38000000e+02 
 1.80000000e+00  6.51799354e-01  1.00000000e+00  1.39000000e+02 
 1.80000000e+00  6.51955299e-01  1.00000000e+00  1.40000000e+02 
 1.80000000e+00  6.94332411e-01  1.00000000e+00  1.41000000e+02 
 1.80000000e+00  6.90459286e-01  1.00000000e+00  1.42000000e+02 
 1.80000000e+00  6.70009905e-01  1.00000000e+00  1.43000000e+02 
 1.80000000e+00  6.56862509e-01  1.00000000e+00  1.44000000e+02 
 1.80000000e+00  6.45937910e-01  1.00000000e+00  1.45000000e+02 
 1.80000000e+00  6.66388359e-01  1.00000000e+00  1.46000000e+02 
 1.80000000e+00  6.52711200e-01  1.00000000e+00  1.47000000e+02 
 1.80000000e+00  6.20138183e-01  1.00000000e+00  1.48000000e+02 
 1.80000000e+00  6.10259437e-01  1.00000000e+00  1.49000000e+02 
 1.80000000e+00  6.26195491e-01  1.00000000e+00  1.50000000e+02 
 1.80000000e+00  6.55188683e-01  1.00000000e+00  1.51000000e+02 
 1.80000000e+00  1.34131098e-06  1.00000000e+00  1.52000000e+02 
 1.80000000e+00  6.89467726e-01  1.00000000e+00  1.53000000e+02 
 1.80000000e+00  6.52818822e-01  1.00000000e+00  1.54000000e+02 
 1.80000000e+00  6.81564008e-01  1.00000000e+00  1.55000000e+02 
 1.80000000e+00  6.74397637e-01  1.00000000e+00  1.56000000e+02 
 1.80000000e+00  6.38141185e-01  1.00000000e+00  1.57000000e+02 
 1.80000000e+00  6.33092011e-01  1.00000000e+00  1.58000000e+02 
 1.80000000e+00  6.68507560e-01  1.00000000e+00  1.59000000e+02 
 1.80000000e+00  6.56322127e-01  1.00000000e+00  1.60000000e+02 
 1.80000000e+00  6.26305955e-01  1.00000000e+00  1.61000000e+02 
 1.80000000e+00  6.45534284e-01  1.00000000e+00  1.62000000e+02 
 1.80000000e+00  6.92736891e-01  1.00000000e+00  1.63000000e+02 
 1.80000000e+00  6.20203908e-01  1.00000000e+00  1.64000000e+02 
 1.80000000e+00  6.78875458e-01  1.00000000e+00  1.65000000e+02 
 1.80000000e+00  6.48657956e-01  1.00000000e+00  1.66000000e+02 
 1.80000000e+00  3.13024501e-01  1.00000000e+00  1.67000000e+02 
 1.80000000e+00  6.61616111e-01  1.00000000e+00  1.68000000e+02 
 1.80000000e+00  6.44620454e-01  1.00000000e+00  1.69000000e+02 
 1.80000000e+00  6.27104825e-01  1.00000000e+00  1.70000000e+02 
 1.80000000e+00  7.06636608e-02  1.00000000e+00  1.71000000e+02 
 1.80000000e+00  1.33229174e-06  1.00000000e+00  1.72000000e+02 
 1.80000000e+00  6.83351273e-01  1.00000000e+00  1.73000000e+02 
 1.80000000e+00  6.53888708e-01  1.00000000e+00  1.74000000e+02 
 1.80000000e+00  6.36190997e-01  1.00000000e+00  1.75000000e+02 
 1.80000000e+00  6.70042455e-01  1.00000000e+00  1.76000000e+02 
 1.80000000e+00  6.16149288e-01  1.00000000e+00  1.77000000e+02 
 1.80000000e+00  6.63337879e-01  1.00000000e+00  1.78000000e+02 
 1.80000000e+00  6.12979130e-01  1.00000000e+00  1.79000000e+02 
 1.80000000e+00  7.51894348e-02  1.00000000e+00  1.80000000e+02 
 1.80000000e+00  6.33726869e-01  1.00000000e+00  1.81000000e+02 
 1.80000000e+00  6.33336712e-01  1.00000000e+00  1.82000000e+02 
 1.80000000e+00  6.37055996e-01  1.00000000e+00  1.83000000e+02 
 1.80000000e+00  6.55859083e-01  1.00000000e+00  1.84000000e+02 
 1.80000000e+00  6.12689115e-01  1.00000000e+00  1.85000000e+02 
 1.80000000e+00  6.70976406e-01  1.00000000e+00  1.86000000e+02 
 1.80000000e+00  6.49098305e-01  1.00000000e+00  1.87000000e+02 
 1.80000000e+00  6.30468760e-01  1.00000000e+00  1.88000000e+02 
 1.80000000e+00  6.58418230e-01  1.00000000e+00  1.89000000e+02 
 1.80000000e+00  6.62748934e-01  1.00000000e+00  1.90000000e+02 
 1.80000000e+00  6.57788549e-01  1.00000000e+00  1.91000000e+02 
 1.80000000e+00  6.47657487e-01  1.00000000e+00  1.92000000e+02 
 1.80000000e+00  6.28188471e-01  1.00000000e+00  1.93000000e+02 
 1.80000000e+00  6.68637777e-01  1.00000000e+00  1.94000000e+02 
 1.80000000e+00  1.01481296e-01  1.00000000e+00  1.95000000e+02 
 1.80000000e+00  6.66037033e-01  1.00000000e+00  1.96000000e+02 
 1.80000000e+00  6.33144546e-01  1.00000000e+00  1.97000000e+02 
 1.80000000e+00  6.66804379e-01  1.00000000e+00  1.98000000e+02 
 1.80000000e+00  6.41953447e-01  1.00000000e+00  1.99000000e+02 
 1.80000000e+00  6.59794144e-01  1.00000000e+00  2.00000000e+02 
 1.80000000e+00  6.71757462e-01  1.00000000e+00  2.01000000e+02 
 1.80000000e+00  6.49184697e-01  1.00000000e+00  2.02000000e+02 
 1.80000000e+00  6.39163189e-01  1.00000000e+00  2.03000000e+02 
 1.80000000e+00  6.70854730e-01  1.00000000e+00  2.04000000e+02 
 1.80000000e+00  6.87640729e-01  1.00000000e+00  2.05000000e+02 
 1.80000000e+00  6.43811095e-01  1.00000000e+00  2.06000000e+02 
 1.80000000e+00  6.66281844e-01  1.00000000e+00  2.07000000e+02 
 1.80000000e+00  6.71511718e-01  1.00000000e+00  2.08000000e+02 
 1.80000000e+00  6.47598354e-01  1.00000000e+00  2.09000000e+02 
 1.80000000e+00  7.86412365e-02  1.00000000e+00  2.10000000e+02 
 1.80000000e+00  6.94621723e-01  1.00000000e+00  2.11000000e+02 
 1.80000000e+00  6.32829903e-01  1.00000000e+00  2.12000000e+02 
 1.80000000e+00  6.58677506e-01  1.00000000e+00  2.13000000e+02 
 1.80000000e+00  6.81447250e-01  1.00000000e+00  2.14000000e+02 
 1.80000000e+00  6.03197591e-01  1.00000000e+00  2.15000000e+02 
 1.80000000e+00  6.63391575e-01  1.00000000e+00  2.16000000e+02 
 1.80000000e+00  6.29978904e-01  1.00000000e+00  2.17000000e+02 
 1.80000000e+00  6.63566716e-01  1.00000000e+00  2.18000000e+02 
 1.80000000e+00  6.44590945e-01  1.00000000e+00  2.19000000e+02 
 1.80000000e+00  6.35616229e-01  1.00000000e+00  2.20000000e+02 
 1.80000000e+00  6.67890579e-01  1.00000000e+00  2.21000000e+02 
 1.80000000e+00  6.58568719e-01  1.00000000e+00  2.22000000e+02 
 1.80000000e+00  1.35325485e-06  1.00000000e+00  2.23000000e+02 
 1.80000000e+00  6.00127188e-01  1.00000000e+00  2.24000000e+02 
 1.80000000e+00  6.34449917e-01  1.00000000e+00  2.25000000e+02 
 1.80000000e+00  6.57087463e-01  1.00000000e+00  2.26000000e+02 
 1.80000000e+00  6.32559397e-01  1.00000000e+00  2.27000000e+02 
 1.80000000e+00  7.37535550e-02  1.00000000e+00  2.28000000e+02 
 1.80000000e+00  6.36721616e-01  1.00000000e+00  2.29000000e+02 
 1.80000000e+00  6.62133013e-01  1.00000000e+00  2.30000000e+02 
 1.80000000e+00  7.02529267e-01  1.00000000e+00  2.31000000e+02 
 1.80000000e+00  6.47115814e-01  1.00000000e+00  2.32000000e+02 
 1.80000000e+00  6.46178010e-01  1.00000000e+00  2.33000000e+02 
 1.80000000e+00  6.36721078e-01  1.00000000e+00  2.34000000e+02 
 1.80000000e+00  6.24917786e-01  1.00000000e+00  2.35000000e+02 
 1.80000000e+00  6.86936934e-01  1.00000000e+00  2.36000000e+02 
 1.80000000e+00  6.74918460e-01  1.00000000e+00  2.37000000e+02 
 1.80000000e+00  6.38798799e-01  1.00000000e+00  2.38000000e+02 
 1.80000000e+00  6.08636200e-01  1.00000000e+00  2.39000000e+02 
 1.80000000e+00  6.62813122e-01  1.00000000e+00  2.40000000e+02 
 1.80000000e+00  6.31506807e-01  1.00000000e+00  2.41000000e+02 
 1.80000000e+00  1.62675907e+00  1.00000000e+00  2.42000000e+02 
 1.80000000e+00  6.62996710e-01  1.00000000e+00  2.43000000e+02 
 1.80000000e+00  6.39111529e-01  1.00000000e+00  2.44000000e+02 
 1.80000000e+00  6.04911105e-01  1.00000000e+00  2.45000000e+02 
 1.80000000e+00  6.25879838e-01  1.00000000e+00  2.46000000e+02 
 1.80000000e+00  6.30361107e-01  1.00000000e+00  2.47000000e+02 
 1.80000000e+00  6.76109137e-01  1.00000000e+00  2.48000000e+02 
 1.80000000e+00  6.30584252e-01  1.00000000e+00  2.49000000e+02 
 1.80000000e+00  6.60522637e-01  1.00000000e+00  2.50000000e+02 
 1.80000000e+00  6.58830137e-01  1.00000000e+00  2.51000000e+02 
 1.80000000e+00  6.44916443e-01  1.00000000e+00  2.52000000e+02 
 1.80000000e+00  1.58945987e-01  1.00000000e+00  2.53000000e+02 
 1.80000000e+00  1.59495701e+00  1.00000000e+00  2.54000000e+02 
 1.80000000e+00  6.35778373e-01  1.00000000e+00  2.55000000e+02 
 1.80000000e+00  6.41505919e-01  1.00000000e+00  2.56000000e+02 
 1.80000000e+00  6.65793292e-01  1.00000000e+00  2.57000000e+02 
 1.80000000e+00  1.58766823e+00  1.00000000e+00  2.58000000e+02 
 1.80000000e+00  6.55095565e-01  1.00000000e+00  2.59000000e+02 
 1.80000000e+00  6.81236475e-01  1.00000000e+00  2.60000000e+02 
 1.80000000e+00  6.63634471e-01  1.00000000e+00  2.61000000e+02 
 1.80000000e+00  6.53911822e-01  1.00000000e+00  2.62000000e+02 
 1.80000000e+00  6.93626325e-01  1.00000000e+00  2.63000000e+02 
 1.80000000e+00  5.98828115e-01  1.00000000e+00  2.64000000e+02 
 1.80000000e+00  6.78512296e-01  1.00000000e+00  2.65000000e+02 
 1.80000000e+00  6.43121360e-01  1.00000000e+00  2.66000000e+02 
 1.80000000e+00  6.39285467e-01  1.00000000e+00  2.67000000e+02 
 1.80000000e+00  6.72818494e-01  1.00000000e+00  2.68000000e+02 
 1.80000000e+00  6.60263485e-01  1.00000000e+00  2.69000000e+02 
 1.80000000e+00  6.08232449e-01  1.00000000e+00  2.70000000e+02 
 1.80000000e+00  6.33477643e-01  1.00000000e+00  2.71000000e+02 
 1.80000000e+00  6.37368056e-01  1.00000000e+00  2.72000000e+02 
 1.80000000e+00  6.43065974e-01  1.00000000e+00  2.73000000e+02 
 1.80000000e+00  6.63590969e-01  1.00000000e+00  2.74000000e+02 
 1.80000000e+00  6.48567814e-01  1.00000000e+00  2.75000000e+02 
 1.80000000e+00  6.23548597e-01  1.00000000e+00  2.76000000e+02 
 1.80000000e+00  1.59301810e+00  1.00000000e+00  2.77000000e+02 
 1.80000000e+00  6.43778418e-01  1.00000000e+00  2.78000000e+02 
 1.80000000e+00  6.55241120e-01  1.00000000e+00  2.79000000e+02 
 1.80000000e+00  6.78255692e-01  1.00000000e+00  2.80000000e+02 
 1.80000000e+00  6.36793769e-01  1.00000000e+00  2.81000000e+02 
 1.80000000e+00  6.33219279e-01  1.00000000e+00  2.82000000e+02 
 1.80000000e+00  6.88940901e-01  1.00000000e+00  2.83000000e+02 
 1.80000000e+00  4.84536486e-02  1.00000000e+00  2.84000000e+02 
 1.80000000e+00  6.60959247e-01  1.00000000e+00  2.85000000e+02 
 1.80000000e+00  6.19927313e-01  1.00000000e+00  2.86000000e+02 
 1.80000000e+00  6.17511223e-01  1.00000000e+00  2.87000000e+02 
 1.80000000e+00  6.19400953e-01  1.00000000e+00  2.88000000e+02 
 1.80000000e+00  6.32035904e-01  1.00000000e+00  2.89000000e+02 
 1.80000000e+00 -9.66146485e+03  1.00000000e+00  2.90000000e+02 
 1.80000000e+00  6.77857969e-01  1.00000000e+00  2.91000000e+02 
 1.80000000e+00  6.55431191e-01  1.00000000e+00  2.92000000e+02 
 1.80000000e+00  6.65258178e-01  1.00000000e+00  2.93000000e+02 
 1.80000000e+00  6.50686393e-01  1.00000000e+00  2.94000000e+02 
 1.80000000e+00  6.46124383e-01  1.00000000e+00  2.95000000e+02 
 1.80000000e+00  6.66997002e-01  1.00000000e+00  2.96000000e+02 
 1.80000000e+00  6.72970378e-01  1.00000000e+00  2.97000000e+02 
 1.80000000e+00  6.20911927e-01  1.00000000e+00  2.98000000e+02 
 1.80000000e+00  7.13772594e-01  1.00000000e+00  2.99000000e+02 
 1.80000000e+00  6.57608148e-01  1.00000000e+00  3.00000000e+02 
 1.80000000e+00  6.12657982e-01  1.00000000e+00  3.01000000e+02 
 1.80000000e+00  6.61826070e-01  1.00000000e+00  3.02000000e+02 
 1.80000000e+00  6.54149994e-01  1.00000000e+00  3.03000000e+02 
 1.80000000e+00  6.36352633e-01  1.00000000e+00  3.04000000e+02 
 1.80000000e+00  6.46936280e-01  1.00000000e+00  3.05000000e+02 
 1.80000000e+00  6.71603019e-01  1.00000000e+00  3.06000000e+02 
 1.80000000e+00  6.80080520e-01  1.00000000e+00  3.07000000e+02 
 1.80000000e+00  6.71442363e-01  1.00000000e+00  3.08000000e+02 
 1.80000000e+00  6.52809079e-01  1.00000000e+00  3.09000000e+02 
 1.80000000e+00  6.32541032e-01  1.00000000e+00  3.10000000e+02 
 1.80000000e+00  6.64308662e-01  1.00000000e+00  3.11000000e+02 
 1.80000000e+00  6.42910976e-01  1.00000000e+00  3.12000000e+02 
 1.80000000e+00  6.42247106e-01  1.00000000e+00  3.13000000e+02 
 1.80000000e+00  6.64577725e-01  1.00000000e+00  3.14000000e+02 
 1.80000000e+00  6.47968335e-01  1.00000000e+00  3.15000000e+02 
 1.80000000e+00  6.38420407e-01  1.00000000e+00  3.16000000e+02 
 1.80000000e+00  6.47609597e-01  1.00000000e+00  3.17000000e+02 
 1.80000000e+00  6.07108517e-01  1.00000000e+00  3.18000000e+02 
 1.80000000e+00  6.30976537e-01  1.00000000e+00  3.19000000e+02 
 1.80000000e+00  6.12674611e-01  1.00000000e+00  3.20000000e+02 
 1.80000000e+00  6.30968619e-01  1.00000000e+00  3.21000000e+02 
 1.80000000e+00  1.62720440e+00  1.00000000e+00  3.22000000e+02 
 1.80000000e+00  6.55235996e-01  1.00000000e+00  3.23000000e+02 
 1.80000000e+00  6.27112349e-01  1.00000000e+00  3.24000000e+02 
 1.80000000e+00  6.73380964e-01  1.00000000e+00  3.25000000e+02 
 1.80000000e+00  1.33637103e-06  1.00000000e+00  3.26000000e+02 
 1.80000000e+00  6.41997486e-01  1.00000000e+00  3.27000000e+02 
 1.80000000e+00  6.76746952e-01  1.00000000e+00  3.28000000e+02 
 1.80000000e+00  6.61844331e-01  1.00000000e+00  3.29000000e+02 
 1.80000000e+00  6.34180980e-01  1.00000000e+00  3.30000000e+02 
 1.80000000e+00  6.82116337e-01  1.00000000e+00  3.31000000e+02 
 1.80000000e+00  6.05145840e-01  1.00000000e+00  3.32000000e+02 
 1.80000000e+00  6.60095295e-01  1.00000000e+00  3.33000000e+02 
 1.80000000e+00  1.60956251e+00  1.00000000e+00  3.34000000e+02 
 1.80000000e+00  6.16705997e-01  1.00000000e+00  3.35000000e+02 
 1.80000000e+00  6.63552333e-01  1.00000000e+00  3.36000000e+02 
 1.80000000e+00  6.37567069e-01  1.00000000e+00  3.37000000e+02 
 1.80000000e+00  1.34311226e-06  1.00000000e+00  3.38000000e+02 
 1.80000000e+00  6.60622835e-01  1.00000000e+00  3.39000000e+02 
 1.80000000e+00  6.70534214e-01  1.00000000e+00  3.40000000e+02 
 1.80000000e+00  6.62092183e-01  1.00000000e+00  3.41000000e+02 
 1.80000000e+00  6.55844058e-01  1.00000000e+00  3.42000000e+02 
 1.80000000e+00  1.34093629e-06  1.00000000e+00  3.43000000e+02 
 1.80000000e+00  6.35626782e-01  1.00000000e+00  3.44000000e+02 
 1.80000000e+00  6.30963564e-01  1.00000000e+00  3.45000000e+02 
 1.80000000e+00  6.38007015e-01  1.00000000e+00  3.46000000e+02 
 1.80000000e+00  7.76966922e-02  1.00000000e+00  3.47000000e+02 
 1.80000000e+00  1.36022123e-06  1.00000000e+00  3.48000000e+02 
 1.80000000e+00  6.41287394e-01  1.00000000e+00  3.49000000e+02 
 1.80000000e+00  6.76104280e-01  1.00000000e+00  3.50000000e+02 
 1.80000000e+00  1.59162389e+00  1.00000000e+00  3.51000000e+02 
 1.80000000e+00  6.23638423e-01  1.00000000e+00  3.52000000e+02 
 1.80000000e+00  6.49174734e-01  1.00000000e+00  3.53000000e+02 
 1.80000000e+00  6.88638697e-01  1.00000000e+00  3.54000000e+02 
 1.80000000e+00  6.69724387e-01  1.00000000e+00  3.55000000e+02 
 1.80000000e+00  6.27007393e-01  1.00000000e+00  3.56000000e+02 
 1.80000000e+00  6.49846682e-01  1.00000000e+00  3.57000000e+02 
 1.80000000e+00  6.66552334e-01  1.00000000e+00  3.58000000e+02 
 1.80000000e+00  6.52704141e-01  1.00000000e+00  3.59000000e+02 
 1.80000000e+00  1.62359781e+00  1.00000000e+00  3.60000000e+02 
 1.80000000e+00  6.87320989e-01  1.00000000e+00  3.61000000e+02 
 1.80000000e+00  6.49533515e-01  1.00000000e+00  3.62000000e+02 
 1.80000000e+00  6.54136309e-01  1.00000000e+00  3.63000000e+02 
 1.80000000e+00  6.79488840e-01  1.00000000e+00  3.64000000e+02 
 1.80000000e+00  6.85141002e-01  1.00000000e+00  3.65000000e+02 
 1.80000000e+00  6.51509652e-01  1.00000000e+00  3.66000000e+02 
 1.80000000e+00  1.62212771e+00  1.00000000e+00  3.67000000e+02 
 1.80000000e+00  6.56366248e-01  1.00000000e+00  3.68000000e+02 
 1.80000000e+00  6.24886095e-01  1.00000000e+00  3.69000000e+02 
 1.80000000e+00  6.20345032e-01  1.00000000e+00  3.70000000e+02 
 1.80000000e+00  6.76605156e-01  1.00000000e+00  3.71000000e+02 
 1.80000000e+00  6.54570453e-01  1.00000000e+00  3.72000000e+02 
 1.80000000e+00  1.61878679e+00  1.00000000e+00  3.73000000e+02 
 1.80000000e+00  6.54787668e-01  1.00000000e+00  3.74000000e+02 
 1.80000000e+00  6.77071400e-01  1.00000000e+00  3.75000000e+02 
 1.80000000e+00  6.30495835e-01  1.00000000e+00  3.76000000e+02 
 1.80000000e+00  6.39442695e-01  1.00000000e+00  3.77000000e+02 
 1.80000000e+00  6.41861112e-01  1.00000000e+00  3.78000000e+02 
 1.80000000e+00  6.62586861e-01  1.00000000e+00  3.79000000e+02 
 1.80000000e+00  6.78677486e-01  1.00000000e+00  3.80000000e+02 
 1.80000000e+00  7.16076176e-01  1.00000000e+00  3.81000000e+02 
 1.80000000e+00  6.63198100e-01  1.00000000e+00  3.82000000e+02 
 1.80000000e+00  6.69840555e-01  1.00000000e+00  3.83000000e+02 
 1.80000000e+00  6.69273521e-01  1.00000000e+00  3.84000000e+02 
 1.80000000e+00  6.70670027e-01  1.00000000e+00  3.85000000e+02 
 1.80000000e+00  6.32875845e-01  1.00000000e+00  3.86000000e+02 
 1.80000000e+00  6.69315701e-01  1.00000000e+00  3.87000000e+02 
 1.80000000e+00  1.59515944e+00  1.00000000e+00  3.88000000e+02 
 1.80000000e+00  6.49068123e-01  1.00000000e+00  3.89000000e+02 
 1.80000000e+00  6.45098285e-01  1.00000000e+00  3.90000000e+02 
 1.80000000e+00  6.70494187e-01  1.00000000e+00  3.91000000e+02 
 1.80000000e+00  6.59430230e-01  1.00000000e+00  3.92000000e+02 
 1.80000000e+00  6.78516871e-01  1.00000000e+00  3.93000000e+02 
 1.80000000e+00  6.57522792e-01  1.00000000e+00  3.94000000e+02 
 1.80000000e+00  6.48914779e-01  1.00000000e+00  3.95000000e+02 
 1.80000000e+00  6.46025049e-01  1.00000000e+00  3.96000000e+02 
 1.80000000e+00  6.98516091e-01  1.00000000e+00  3.97000000e+02 
 1.80000000e+00  6.48499983e-01  1.00000000e+00  3.98000000e+02 
 1.80000000e+00  6.55799480e-01  1.00000000e+00  3.99000000e+02 
 1.80000000e+00  6.60474520e-01  1.00000000e+00  4.00000000e+02 
 1.80000000e+00  6.54700106e-01  1.00000000e+00  4.01000000e+02 
 1.80000000e+00  6.68742339e-01  1.00000000e+00  4.02000000e+02 
 1.80000000e+00  6.60353263e-01  1.00000000e+00  4.03000000e+02 
 1.80000000e+00  4.31006755e-02  1.00000000e+00  4.04000000e+02 
 1.80000000e+00  6.62674798e-01  1.00000000e+00  4.05000000e+02 
 1.80000000e+00  6.81080832e-01  1.00000000e+00  4.06000000e+02 
 1.80000000e+00  6.36020190e-01  1.00000000e+00  4.07000000e+02 
 1.80000000e+00  1.66327302e-01  1.00000000e+00  4.08000000e+02 
 1.80000000e+00  6.59759277e-01  1.00000000e+00  4.09000000e+02 
 1.80000000e+00  6.40289236e-01  1.00000000e+00  4.10000000e+02 
 1.80000000e+00  6.78356985e-01  1.00000000e+00  4.11000000e+02 
 1.80000000e+00  6.68953490e-01  1.00000000e+00  4.12000000e+02 
 1.80000000e+00  6.15466050e-01  1.00000000e+00  4.13000000e+02 
 1.80000000e+00  6.38163683e-01  1.00000000e+00  4.14000000e+02 
 1.80000000e+00  6.12413705e-01  1.00000000e+00  4.15000000e+02 
 1.80000000e+00  6.22768818e-01  1.00000000e+00  4.16000000e+02 
 1.80000000e+00  6.48403867e-01  1.00000000e+00  4.17000000e+02 
 1.80000000e+00  6.77596624e-01  1.00000000e+00  4.18000000e+02 
 1.80000000e+00  6.19845899e-01  1.00000000e+00  4.19000000e+02 
 1.80000000e+00  1.34566963e-06  1.00000000e+00  4.20000000e+02 
 1.80000000e+00  6.49102004e-01  1.00000000e+00  4.21000000e+02 
 1.80000000e+00  6.17965629e-02  1.00000000e+00  4.22000000e+02 
 1.80000000e+00  6.24104076e-01  1.00000000e+00  4.23000000e+02 
 1.80000000e+00  6.45072390e-01  1.00000000e+00  4.24000000e+02 
 1.80000000e+00  6.75530340e-01  1.00000000e+00  4.25000000e+02 
 1.80000000e+00  6.57878139e-01  1.00000000e+00  4.26000000e+02 
 1.80000000e+00  6.72750831e-01  1.00000000e+00  4.27000000e+02 
 1.80000000e+00  6.52480367e-01  1.00000000e+00  4.28000000e+02 
 1.80000000e+00  6.34756314e-01  1.00000000e+00  4.29000000e+02 
 1.80000000e+00  6.37322482e-01  1.00000000e+00  4.30000000e+02 
 1.80000000e+00  6.65947128e-01  1.00000000e+00  4.31000000e+02 
 1.80000000e+00  6.48049501e-01  1.00000000e+00  4.32000000e+02 
 1.80000000e+00  6.42639751e-01  1.00000000e+00  4.33000000e+02 
 1.80000000e+00  6.47689340e-01  1.00000000e+00  4.34000000e+02 
 1.80000000e+00  6.79787842e-01  1.00000000e+00  4.35000000e+02 
 1.80000000e+00  6.33051368e-01  1.00000000e+00  4.36000000e+02 
 1.80000000e+00  6.48791264e-01  1.00000000e+00  4.37000000e+02 
 1.80000000e+00  6.21706137e-01  1.00000000e+00  4.38000000e+02 
 1.80000000e+00  1.61930802e+00  1.00000000e+00  4.39000000e+02 
 1.80000000e+00  6.83737620e-01  1.00000000e+00  4.40000000e+02 
 1.80000000e+00  1.33367316e-06  1.00000000e+00  4.41000000e+02 
 1.80000000e+00  6.76219313e-01  1.00000000e+00  4.42000000e+02 
 1.80000000e+00  6.68985490e-01  1.00000000e+00  4.43000000e+02 
 1.80000000e+00  6.61930536e-01  1.00000000e+00  4.44000000e+02 
 1.80000000e+00  6.51209756e-01  1.00000000e+00  4.45000000e+02 
 1.80000000e+00  6.48541452e-01  1.00000000e+00  4.46000000e+02 
 1.80000000e+00  6.36617671e-01  1.00000000e+00  4.47000000e+02 
 1.80000000e+00  6.27909261e-01  1.00000000e+00  4.48000000e+02 
 1.80000000e+00  6.98221563e-01  1.00000000e+00  4.49000000e+02 
 1.80000000e+00  6.48461970e-01  1.00000000e+00  4.50000000e+02 
 1.80000000e+00  6.46147435e-01  1.00000000e+00  4.51000000e+02 
 1.80000000e+00  6.85098763e-01  1.00000000e+00  4.52000000e+02 
 1.80000000e+00  6.52594393e-01  1.00000000e+00  4.53000000e+02 
 1.80000000e+00  6.49576023e-01  1.00000000e+00  4.54000000e+02 
 1.80000000e+00  6.74969050e-01  1.00000000e+00  4.55000000e+02 
 1.80000000e+00  6.42424141e-01  1.00000000e+00  4.56000000e+02 
 1.80000000e+00  6.33712415e-01  1.00000000e+00  4.57000000e+02 
 1.80000000e+00  6.70140543e-01  1.00000000e+00  4.58000000e+02 
 1.80000000e+00  6.43783946e-01  1.00000000e+00  4.59000000e+02 
 1.80000000e+00  6.12163493e-01  1.00000000e+00  4.60000000e+02 
 1.80000000e+00  1.59419652e+00  1.00000000e+00  4.61000000e+02 
 1.80000000e+00  6.13430830e-01  1.00000000e+00  4.62000000e+02 
 1.80000000e+00  6.90629218e-01  1.00000000e+00  4.63000000e+02 
 1.80000000e+00  6.46081784e-01  1.00000000e+00  4.64000000e+02 
 1.80000000e+00  6.86159416e-01  1.00000000e+00  4.65000000e+02 
 1.80000000e+00  6.21198574e-01  1.00000000e+00  4.66000000e+02 
 1.80000000e+00  6.47182974e-01  1.00000000e+00  4.67000000e+02 
 1.80000000e+00  6.31836623e-01  1.00000000e+00  4.68000000e+02 
 1.80000000e+00  6.26074486e-01  1.00000000e+00  4.69000000e+02 
 1.80000000e+00  6.56037048e-01  1.00000000e+00  4.70000000e+02 
 1.80000000e+00  6.62363209e-01  1.00000000e+00  4.71000000e+02 
 1.80000000e+00  5.89529386e-01  1.00000000e+00  4.72000000e+02 
 1.80000000e+00  1.34006349e-06  1.00000000e+00  4.73000000e+02 
 1.80000000e+00  6.43507317e-01  1.00000000e+00  4.74000000e+02 
 1.80000000e+00  6.39097911e-01  1.00000000e+00  4.75000000e+02 
 1.80000000e+00  6.61074779e-01  1.00000000e+00  4.76000000e+02 
 1.80000000e+00  6.89471896e-01  1.00000000e+00  4.77000000e+02 
 1.80000000e+00  6.34923994e-01  1.00000000e+00  4.78000000e+02 
 1.80000000e+00  6.59569782e-01  1.00000000e+00  4.79000000e+02 
 1.80000000e+00  6.60547925e-01  1.00000000e+00  4.80000000e+02 
 1.80000000e+00  6.45290624e-01  1.00000000e+00  4.81000000e+02 
 1.80000000e+00  6.66926256e-01  1.00000000e+00  4.82000000e+02 
 1.80000000e+00  6.47246455e-01  1.00000000e+00  4.83000000e+02 
 1.80000000e+00  6.74362785e-01  1.00000000e+00  4.84000000e+02 
 1.80000000e+00  7.00134673e-01  1.00000000e+00  4.85000000e+02 
 1.80000000e+00  6.45744141e-01  1.00000000e+00  4.86000000e+02 
 1.80000000e+00  6.60032915e-01  1.00000000e+00  4.87000000e+02 
 1.80000000e+00  6.74836137e-01  1.00000000e+00  4.88000000e+02 
 1.80000000e+00  6.41002350e-01  1.00000000e+00  4.89000000e+02 
 1.80000000e+00  6.53439879e-01  1.00000000e+00  4.90000000e+02 
 1.80000000e+00  6.00625109e-01  1.00000000e+00  4.91000000e+02 
 1.80000000e+00  6.43154458e-01  1.00000000e+00  4.92000000e+02 
 1.80000000e+00  6.55437343e-01  1.00000000e+00  4.93000000e+02 
 1.80000000e+00  6.39559936e-01  1.00000000e+00  4.94000000e+02 
 1.80000000e+00  6.63178632e-01  1.00000000e+00  4.95000000e+02 
 1.80000000e+00  6.53997035e-01  1.00000000e+00  4.96000000e+02 
 1.80000000e+00  6.24945194e-01  1.00000000e+00  4.97000000e+02 
 1.80000000e+00  6.62001489e-01  1.00000000e+00  4.98000000e+02 
 1.80000000e+00  6.41393639e-01  1.00000000e+00  4.99000000e+02 
 1.80000000e+00  6.40559137e-01  1.00000000e+00  5.00000000e+02 
 1.80000000e+00  6.40613274e-01  1.00000000e+00  5.01000000e+02 
 1.80000000e+00  6.52415504e-01  1.00000000e+00  5.02000000e+02 
 1.80000000e+00  6.44737566e-01  1.00000000e+00  5.03000000e+02 
 1.80000000e+00  7.02342238e-01  1.00000000e+00  5.04000000e+02 
 1.80000000e+00  6.58566795e-01  1.00000000e+00  5.05000000e+02 
 1.80000000e+00  6.35561020e-01  1.00000000e+00  5.06000000e+02 
 1.80000000e+00  6.60584381e-01  1.00000000e+00  5.07000000e+02 
 1.80000000e+00  6.53850429e-01  1.00000000e+00  5.08000000e+02 
 1.80000000e+00  6.28174688e-01  1.00000000e+00  5.09000000e+02 
 1.80000000e+00  6.18527885e-01  1.00000000e+00  5.10000000e+02 
 1.80000000e+00  6.45774505e-01  1.00000000e+00  5.11000000e+02 
 1.80000000e+00  6.54440824e-01  1.00000000e+00  5.12000000e+02 
 1.80000000e+00  6.14396314e-01  1.00000000e+00  5.13000000e+02 
 1.80000000e+00  6.58482835e-01  1.00000000e+00  5.14000000e+02 
 1.80000000e+00  6.47444414e-01  1.00000000e+00  5.15000000e+02 
 1.80000000e+00  6.49813444e-01  1.00000000e+00  5.16000000e+02 
 1.80000000e+00  6.36107327e-01  1.00000000e+00  5.17000000e+02 
 1.80000000e+00  6.24279640e-01  1.00000000e+00  5.18000000e+02 
 1.80000000e+00  6.31666053e-01  1.00000000e+00  5.19000000e+02 
 1.80000000e+00  6.93279521e-01  1.00000000e+00  5.20000000e+02 
 1.80000000e+00  6.45848732e-01  1.00000000e+00  5.21000000e+02 
 1.80000000e+00  6.30373051e-01  1.00000000e+00  5.22000000e+02 
 1.80000000e+00  6.58898387e-01  1.00000000e+00  5.23000000e+02 
 1.80000000e+00  6.51565609e-01  1.00000000e+00  5.24000000e+02 
 1.80000000e+00  6.56143134e-01  1.00000000e+00  5.25000000e+02 
 1.80000000e+00  6.44802404e-01  1.00000000e+00  5.26000000e+02 
 1.80000000e+00  6.35146997e-01  1.00000000e+00  5.27000000e+02 
 1.80000000e+00  6.59343466e-01  1.00000000e+00  5.28000000e+02 
 1.80000000e+00  6.54672214e-01  1.00000000e+00  5.29000000e+02 
 1.80000000e+00  6.53281827e-01  1.00000000e+00  5.30000000e+02 
 1.80000000e+00  6.85557186e-01  1.00000000e+00  5.31000000e+02 
 1.80000000e+00  6.74064724e-01  1.00000000e+00  5.32000000e+02 
 1.80000000e+00  6.66552219e-01  1.00000000e+00  5.33000000e+02 
 1.80000000e+00  6.50380267e-01  1.00000000e+00  5.34000000e+02 
 1.80000000e+00  6.40724570e-01  1.00000000e+00  5.35000000e+02 
 1.80000000e+00  6.47741589e-01  1.00000000e+00  5.36000000e+02 
 1.80000000e+00  6.23299311e-01  1.00000000e+00  5.37000000e+02 
 1.80000000e+00  6.59383682e-01  1.00000000e+00  5.38000000e+02 
 1.80000000e+00  6.59697954e-01  1.00000000e+00  5.39000000e+02 
 1.80000000e+00  6.57060577e-01  1.00000000e+00  5.40000000e+02 
 1.80000000e+00  6.86694973e-01  1.00000000e+00  5.41000000e+02 
 1.80000000e+00  6.80782680e-01  1.00000000e+00  5.42000000e+02 
 1.80000000e+00  6.34665666e-01  1.00000000e+00  5.43000000e+02 
 1.80000000e+00  6.63549100e-01  1.00000000e+00  5.44000000e+02 
 1.80000000e+00  6.33792601e-01  1.00000000e+00  5.45000000e+02 
 1.80000000e+00  6.52607782e-01  1.00000000e+00  5.46000000e+02 
 1.80000000e+00  6.49941067e-01  1.00000000e+00  5.47000000e+02 
 1.80000000e+00  6.33971906e-01  1.00000000e+00  5.48000000e+02 
 1.80000000e+00  6.45995115e-01  1.00000000e+00  5.49000000e+02 
 1.80000000e+00  6.68169377e-01  1.00000000e+00  5.50000000e+02 
 1.80000000e+00  6.67661693e-01  1.00000000e+00  5.51000000e+02 
 1.80000000e+00  6.22488599e-01  1.00000000e+00  5.52000000e+02 
 1.80000000e+00  7.05563173e-01  1.00000000e+00  5.53000000e+02 
 1.80000000e+00  6.63062175e-01  1.00000000e+00  5.54000000e+02 
 1.80000000e+00  1.60636135e+00  1.00000000e+00  5.55000000e+02 
 1.80000000e+00  6.55694991e-01  1.00000000e+00  5.56000000e+02 
 1.80000000e+00  6.29275855e-01  1.00000000e+00  5.57000000e+02 
 1.80000000e+00  6.25868376e-01  1.00000000e+00  5.58000000e+02 
 1.80000000e+00  6.65609078e-01  1.00000000e+00  5.59000000e+02 
 1.80000000e+00  6.58935056e-01  1.00000000e+00  5.60000000e+02 
 1.80000000e+00  6.65658792e-01  1.00000000e+00  5.61000000e+02 
 1.80000000e+00  6.75556476e-01  1.00000000e+00  5.62000000e+02 
 1.80000000e+00  1.60109581e+00  1.00000000e+00  5.63000000e+02 
 1.80000000e+00  6.20612597e-01  1.00000000e+00  5.64000000e+02 
 1.80000000e+00  6.38180145e-01  1.00000000e+00  5.65000000e+02 
 1.80000000e+00  6.74679685e-01  1.00000000e+00  5.66000000e+02 
 1.80000000e+00  6.19489152e-01  1.00000000e+00  5.67000000e+02 
 1.80000000e+00  6.54518565e-01  1.00000000e+00  5.68000000e+02 
 1.80000000e+00  6.37705457e-01  1.00000000e+00  5.69000000e+02 
 1.80000000e+00  6.43328935e-01  1.00000000e+00  5.70000000e+02 
 1.80000000e+00  6.25556626e-01  1.00000000e+00  5.71000000e+02 
 1.80000000e+00  7.09844303e-01  1.00000000e+00  5.72000000e+02 
 1.80000000e+00  6.59508587e-01  1.00000000e+00  5.73000000e+02 
 1.80000000e+00  6.44848185e-01  1.00000000e+00  5.74000000e+02 
 1.80000000e+00  5.90421874e-01  1.00000000e+00  5.75000000e+02 
 1.80000000e+00  6.31555605e-01  1.00000000e+00  5.76000000e+02 
 1.80000000e+00  6.47920115e-01  1.00000000e+00  5.77000000e+02 
 1.80000000e+00  6.63688681e-01  1.00000000e+00  5.78000000e+02 
 1.80000000e+00  6.65348883e-01  1.00000000e+00  5.79000000e+02 
 1.80000000e+00  6.12689569e-01  1.00000000e+00  5.80000000e+02 
 1.80000000e+00  6.39573212e-01  1.00000000e+00  5.81000000e+02 
 1.80000000e+00  6.45320780e-01  1.00000000e+00  5.82000000e+02 
 1.80000000e+00  6.40520620e-01  1.00000000e+00  5.83000000e+02 
 1.80000000e+00  6.32262063e-01  1.00000000e+00  5.84000000e+02 
 1.80000000e+00  8.22147521e-02  1.00000000e+00  5.85000000e+02 
 1.80000000e+00  1.62253384e+00  1.00000000e+00  5.86000000e+02 
 1.80000000e+00  6.37178888e-01  1.00000000e+00  5.87000000e+02 
 1.80000000e+00  6.59900112e-01  1.00000000e+00  5.88000000e+02 
 1.80000000e+00  6.36006151e-01  1.00000000e+00  5.89000000e+02 
 1.80000000e+00  6.60026578e-01  1.00000000e+00  5.90000000e+02 
 1.80000000e+00  6.64145035e-01  1.00000000e+00  5.91000000e+02 
 1.80000000e+00  6.16479318e-01  1.00000000e+00  5.92000000e+02 
 1.80000000e+00  6.31027836e-01  1.00000000e+00  5.93000000e+02 
 1.80000000e+00  7.16717529e-01  1.00000000e+00  5.94000000e+02 
 1.80000000e+00  6.83110957e-01  1.00000000e+00  5.95000000e+02 
 1.80000000e+00  6.48882408e-01  1.00000000e+00  5.96000000e+02 
 1.80000000e+00  6.83845046e-01  1.00000000e+00  5.97000000e+02 
 1.80000000e+00  6.25893570e-01  1.00000000e+00  5.98000000e+02 
 1.80000000e+00  6.54847995e-01  1.00000000e+00  5.99000000e+02 
 1.80000000e+00  6.36788307e-01  1.00000000e+00  6.00000000e+02 
 1.80000000e+00  6.53362092e-01  1.00000000e+00  6.01000000e+02 
 1.80000000e+00  6.44979199e-01  1.00000000e+00  6.02000000e+02 
 1.80000000e+00  6.53425992e-01  1.00000000e+00  6.03000000e+02 
 1.80000000e+00  1.33038779e-06  1.00000000e+00  6.04000000e+02 
 1.80000000e+00  1.75076444e-01  1.00000000e+00  6.05000000e+02 
 1.80000000e+00  6.73883042e-01  1.00000000e+00  6.06000000e+02 
 1.80000000e+00  6.54931369e-01  1.00000000e+00  6.07000000e+02 
 1.80000000e+00  6.69162662e-01  1.00000000e+00  6.08000000e+02 
 1.80000000e+00  6.83439015e-01  1.00000000e+00  6.09000000e+02 
 1.80000000e+00  6.25513483e-01  1.00000000e+00  6.10000000e+02 
 1.80000000e+00  6.15050920e-01  1.00000000e+00  6.11000000e+02 
 1.80000000e+00  6.61088748e-01  1.00000000e+00  6.12000000e+02 
 1.80000000e+00  6.46755838e-01  1.00000000e+00  6.13000000e+02 
 1.80000000e+00  6.42685421e-01  1.00000000e+00  6.14000000e+02 
 1.80000000e+00  6.47760055e-01  1.00000000e+00  6.15000000e+02 
 1.80000000e+00  6.32354425e-01  1.00000000e+00  6.16000000e+02 
 1.80000000e+00  1.62172087e+00  1.00000000e+00  6.17000000e+02 
 1.80000000e+00  6.46274148e-01  1.00000000e+00  6.18000000e+02 
 1.80000000e+00  6.88111203e-01  1.00000000e+00  6.19000000e+02 
 1.80000000e+00  6.35739636e-01  1.00000000e+00  6.20000000e+02 
 1.80000000e+00  6.71700340e-01  1.00000000e+00  6.21000000e+02 
 1.80000000e+00  6.81149313e-01  1.00000000e+00  6.22000000e+02 
 1.80000000e+00  6.68902798e-01  1.00000000e+00  6.23000000e+02 
 1.80000000e+00  6.64323842e-01  1.00000000e+00  6.24000000e+02 
 1.80000000e+00  6.37071907e-01  1.00000000e+00  6.25000000e+02 
 1.80000000e+00  6.77552069e-01  1.00000000e+00  6.26000000e+02 
 1.80000000e+00  6.70441961e-01  1.00000000e+00  6.27000000e+02 
 1.80000000e+00  6.58071382e-01  1.00000000e+00  6.28000000e+02 
 1.80000000e+00  6.32465318e-01  1.00000000e+00  6.29000000e+02 
 1.80000000e+00  6.72785972e-01  1.00000000e+00  6.30000000e+02 
 1.80000000e+00  6.50712640e-01  1.00000000e+00  6.31000000e+02 
 1.80000000e+00  1.74012914e+00  1.00000000e+00  6.32000000e+02 
 1.80000000e+00  6.44357723e-01  1.00000000e+00  6.33000000e+02 
 1.80000000e+00  6.60467950e-01  1.00000000e+00  6.34000000e+02 
 1.80000000e+00  6.40545211e-01  1.00000000e+00  6.35000000e+02 
 1.80000000e+00  6.38460638e-01  1.00000000e+00  6.36000000e+02 
 1.80000000e+00  6.63347273e-01  1.00000000e+00  6.37000000e+02 
 1.80000000e+00  6.52083922e-01  1.00000000e+00  6.38000000e+02 
 1.80000000e+00  6.42848298e-01  1.00000000e+00  6.39000000e+02 
 1.80000000e+00  6.61916652e-01  1.00000000e+00  6.40000000e+02 
 1.80000000e+00  6.03034220e-01  1.00000000e+00  6.41000000e+02 
 1.80000000e+00  6.57235901e-01  1.00000000e+00  6.42000000e+02 
 1.80000000e+00  6.37506034e-01  1.00000000e+00  6.43000000e+02 
 1.80000000e+00  1.33973553e-06  1.00000000e+00  6.44000000e+02 
 1.80000000e+00  6.79633958e-01  1.00000000e+00  6.45000000e+02 
 1.80000000e+00  6.60363233e-01  1.00000000e+00  6.46000000e+02 
 1.80000000e+00  6.46882377e-01  1.00000000e+00  6.47000000e+02 
 1.80000000e+00  6.42782881e-01  1.00000000e+00  6.48000000e+02 
 1.80000000e+00  6.17850378e-01  1.00000000e+00  6.49000000e+02 
 1.80000000e+00  6.71144745e-01  1.00000000e+00  6.50000000e+02 
 1.80000000e+00  6.60463354e-01  1.00000000e+00  6.51000000e+02 
 1.80000000e+00  6.37740385e-01  1.00000000e+00  6.52000000e+02 
 1.80000000e+00  6.49367989e-01  1.00000000e+00  6.53000000e+02 
 1.80000000e+00  6.37895770e-01  1.00000000e+00  6.54000000e+02 
 1.80000000e+00  6.73618064e-01  1.00000000e+00  6.55000000e+02 
 1.80000000e+00  6.56831394e-01  1.00000000e+00  6.56000000e+02 
 1.80000000e+00  6.71441498e-01  1.00000000e+00  6.57000000e+02 
 1.80000000e+00  6.86549876e-01  1.00000000e+00  6.58000000e+02 
 1.80000000e+00  6.86224268e-01  1.00000000e+00  6.59000000e+02 
 1.80000000e+00  6.78197812e-01  1.00000000e+00  6.60000000e+02 
 1.80000000e+00  6.30188126e-01  1.00000000e+00  6.61000000e+02 
 1.80000000e+00  6.80194203e-01  1.00000000e+00  6.62000000e+02 
 1.80000000e+00  6.34976703e-01  1.00000000e+00  6.63000000e+02 
 1.80000000e+00  6.55223090e-01  1.00000000e+00  6.64000000e+02 
 1.80000000e+00  6.72738179e-01  1.00000000e+00  6.65000000e+02 
 1.80000000e+00  6.51125697e-01  1.00000000e+00  6.66000000e+02 
 1.80000000e+00  6.83481956e-01  1.00000000e+00  6.67000000e+02 
 1.80000000e+00  6.69045271e-01  1.00000000e+00  6.68000000e+02 
 1.80000000e+00  1.59387431e+00  1.00000000e+00  6.69000000e+02 
 1.80000000e+00  6.63595057e-01  1.00000000e+00  6.70000000e+02 
 1.80000000e+00  6.72055326e-01  1.00000000e+00  6.71000000e+02 
 1.80000000e+00  6.05019333e-01  1.00000000e+00  6.72000000e+02 
 1.80000000e+00  6.75831133e-01  1.00000000e+00  6.73000000e+02 
 1.80000000e+00  6.64326775e-01  1.00000000e+00  6.74000000e+02 
 1.80000000e+00  6.64126773e-01  1.00000000e+00  6.75000000e+02 
 1.80000000e+00  6.58078158e-01  1.00000000e+00  6.76000000e+02 
 1.80000000e+00  6.40916650e-01  1.00000000e+00  6.77000000e+02 
 1.80000000e+00  1.34284444e-06  1.00000000e+00  6.78000000e+02 
 1.80000000e+00  6.55978617e-01  1.00000000e+00  6.79000000e+02 
 1.80000000e+00  6.38924064e-01  1.00000000e+00  6.80000000e+02 
 1.80000000e+00  6.57366721e-01  1.00000000e+00  6.81000000e+02 
 1.80000000e+00  6.90505490e-01  1.00000000e+00  6.82000000e+02 
 1.80000000e+00  6.53598629e-01  1.00000000e+00  6.83000000e+02 
 1.80000000e+00  1.34810304e-06  1.00000000e+00  6.84000000e+02 
 1.80000000e+00  6.79774163e-01  1.00000000e+00  6.85000000e+02 
 1.80000000e+00  6.84684209e-01  1.00000000e+00  6.86000000e+02 
 1.80000000e+00  6.69784127e-01  1.00000000e+00  6.87000000e+02 
 1.80000000e+00  6.57190956e-01  1.00000000e+00  6.88000000e+02 
 1.80000000e+00  6.47475425e-01  1.00000000e+00  6.89000000e+02 
 1.80000000e+00  6.83609913e-01  1.00000000e+00  6.90000000e+02 
 1.80000000e+00  6.45925561e-01  1.00000000e+00  6.91000000e+02 
 1.80000000e+00  6.70445370e-01  1.00000000e+00  6.92000000e+02 
 1.80000000e+00  6.10867737e-01  1.00000000e+00  6.93000000e+02 
 1.80000000e+00  6.28870283e-01  1.00000000e+00  6.94000000e+02 
 1.80000000e+00  6.65749381e-01  1.00000000e+00  6.95000000e+02 
 1.80000000e+00  6.55753511e-01  1.00000000e+00  6.96000000e+02 
 1.80000000e+00  1.72450805e-01  1.00000000e+00  6.97000000e+02 
 1.80000000e+00  1.60942350e+00  1.00000000e+00  6.98000000e+02 
 1.80000000e+00  6.46311035e-01  1.00000000e+00  6.99000000e+02 
 1.80000000e+00  6.33141472e-01  1.00000000e+00  7.00000000e+02 
 1.80000000e+00  6.79543281e-01  1.00000000e+00  7.01000000e+02 
 1.80000000e+00  6.68449200e-01  1.00000000e+00  7.02000000e+02 
 1.80000000e+00  6.46125098e-01  1.00000000e+00  7.03000000e+02 
 1.80000000e+00  6.43468010e-01  1.00000000e+00  7.04000000e+02 
 1.80000000e+00  6.33782215e-01  1.00000000e+00  7.05000000e+02 
 1.80000000e+00  6.93786227e-01  1.00000000e+00  7.06000000e+02 
 1.80000000e+00  1.59227595e+00  1.00000000e+00  7.07000000e+02 
 1.80000000e+00  6.68933115e-01  1.00000000e+00  7.08000000e+02 
 1.80000000e+00  6.53137920e-01  1.00000000e+00  7.09000000e+02 
 1.80000000e+00  6.35546671e-01  1.00000000e+00  7.10000000e+02 
 1.80000000e+00 -9.01751791e+03  1.00000000e+00  7.11000000e+02 
 1.80000000e+00  6.73195423e-01  1.00000000e+00  7.12000000e+02 
 1.80000000e+00  6.75077413e-01  1.00000000e+00  7.13000000e+02 
 1.80000000e+00  6.67601415e-01  1.00000000e+00  7.14000000e+02 
 1.80000000e+00  6.80124047e-01  1.00000000e+00  7.15000000e+02 
 1.80000000e+00  6.46263224e-01  1.00000000e+00  7.16000000e+02 
 1.80000000e+00  6.40350419e-01  1.00000000e+00  7.17000000e+02 
 1.80000000e+00  6.63136829e-01  1.00000000e+00  7.18000000e+02 
 1.80000000e+00  6.53812828e-01  1.00000000e+00  7.19000000e+02 
 1.80000000e+00  6.43650083e-01  1.00000000e+00  7.20000000e+02 
 1.80000000e+00  6.50505284e-01  1.00000000e+00  7.21000000e+02 
 1.80000000e+00  6.23128463e-01  1.00000000e+00  7.22000000e+02 
 1.80000000e+00  1.34071674e-06  1.00000000e+00  7.23000000e+02 
 1.80000000e+00  6.25780889e-01  1.00000000e+00  7.24000000e+02 
 1.80000000e+00  6.63140505e-01  1.00000000e+00  7.25000000e+02 
 1.80000000e+00  6.08238808e-01  1.00000000e+00  7.26000000e+02 
 1.80000000e+00  6.74277313e-01  1.00000000e+00  7.27000000e+02 
 1.80000000e+00  6.68108854e-01  1.00000000e+00  7.28000000e+02 
 1.80000000e+00  6.65165106e-01  1.00000000e+00  7.29000000e+02 
 1.80000000e+00  6.00914733e-01  1.00000000e+00  7.30000000e+02 
 1.80000000e+00  5.82376036e-02  1.00000000e+00  7.31000000e+02 
 1.80000000e+00  6.40313783e-01  1.00000000e+00  7.32000000e+02 
 1.80000000e+00  6.41417108e-01  1.00000000e+00  7.33000000e+02 
 1.80000000e+00  6.74823555e-01  1.00000000e+00  7.34000000e+02 
 1.80000000e+00  6.79814877e-01  1.00000000e+00  7.35000000e+02 
 1.80000000e+00  6.13346412e-01  1.00000000e+00  7.36000000e+02 
 1.80000000e+00  6.44244494e-01  1.00000000e+00  7.37000000e+02 
 1.80000000e+00  6.44651957e-01  1.00000000e+00  7.38000000e+02 
 1.80000000e+00  6.47861869e-01  1.00000000e+00  7.39000000e+02 
 1.80000000e+00  6.75691811e-01  1.00000000e+00  7.40000000e+02 
 1.80000000e+00  6.94989891e-01  1.00000000e+00  7.41000000e+02 
 1.80000000e+00  6.57321954e-01  1.00000000e+00  7.42000000e+02 
 1.80000000e+00  6.70681007e-01  1.00000000e+00  7.43000000e+02 
 1.80000000e+00  6.58439818e-01  1.00000000e+00  7.44000000e+02 
 1.80000000e+00  6.69000131e-01  1.00000000e+00  7.45000000e+02 
 1.80000000e+00  6.95268870e-01  1.00000000e+00  7.46000000e+02 
 1.80000000e+00  6.57579798e-01  1.00000000e+00  7.47000000e+02 
 1.80000000e+00  6.62920674e-01  1.00000000e+00  7.48000000e+02 
 1.80000000e+00  6.48731029e-02  1.00000000e+00  7.49000000e+02 
 1.80000000e+00  6.48124929e-01  1.00000000e+00  7.50000000e+02 
 1.80000000e+00  6.44215074e-01  1.00000000e+00  7.51000000e+02 
 1.80000000e+00  6.66470058e-01  1.00000000e+00  7.52000000e+02 
 1.80000000e+00  1.62349516e+00  1.00000000e+00  7.53000000e+02 
 1.80000000e+00  6.62066261e-01  1.00000000e+00  7.54000000e+02 
 1.80000000e+00  6.53441653e-01  1.00000000e+00  7.55000000e+02 
 1.80000000e+00  6.03643377e-01  1.00000000e+00  7.56000000e+02 
 1.80000000e+00  6.23230994e-01  1.00000000e+00  7.57000000e+02 
 1.80000000e+00  6.45581667e-01  1.00000000e+00  7.58000000e+02 
 1.80000000e+00  6.40643882e-01  1.00000000e+00  7.59000000e+02 
 1.80000000e+00  6.67988606e-01  1.00000000e+00  7.60000000e+02 
 1.80000000e+00  6.72029026e-01  1.00000000e+00  7.61000000e+02 
 1.80000000e+00  6.35228980e-01  1.00000000e+00  7.62000000e+02 
 1.80000000e+00  6.54302266e-01  1.00000000e+00  7.63000000e+02 
 1.80000000e+00  6.41239552e-01  1.00000000e+00  7.64000000e+02 
 1.80000000e+00  1.34351456e-06  1.00000000e+00  7.65000000e+02 
 1.80000000e+00  6.58036339e-01  1.00000000e+00  7.66000000e+02 
 1.80000000e+00  6.67090992e-01  1.00000000e+00  7.67000000e+02 
 1.80000000e+00  6.89972849e-01  1.00000000e+00  7.68000000e+02 
 1.80000000e+00  6.37040181e-01  1.00000000e+00  7.69000000e+02 
 1.80000000e+00  6.69495259e-01  1.00000000e+00  7.70000000e+02 
 1.80000000e+00  6.02041967e-01  1.00000000e+00  7.71000000e+02 
 1.80000000e+00  6.63355742e-01  1.00000000e+00  7.72000000e+02 
 1.80000000e+00  6.56300771e-01  1.00000000e+00  7.73000000e+02 
 1.80000000e+00  6.48968535e-01  1.00000000e+00  7.74000000e+02 
 1.80000000e+00  6.98927077e-01  1.00000000e+00  7.75000000e+02 
 1.80000000e+00  1.59422120e+00  1.00000000e+00  7.76000000e+02 
 1.80000000e+00  6.47374556e-01  1.00000000e+00  7.77000000e+02 
 1.80000000e+00  6.58217692e-01  1.00000000e+00  7.78000000e+02 
 1.80000000e+00  7.51922055e-02  1.00000000e+00  7.79000000e+02 
 1.80000000e+00  6.16906373e-01  1.00000000e+00  7.80000000e+02 
 1.80000000e+00  6.47384521e-01  1.00000000e+00  7.81000000e+02 
 1.80000000e+00  6.61505994e-01  1.00000000e+00  7.82000000e+02 
 1.80000000e+00  6.29835746e-01  1.00000000e+00  7.83000000e+02 
 1.80000000e+00  6.38010252e-01  1.00000000e+00  7.84000000e+02 
 1.80000000e+00  6.38873364e-01  1.00000000e+00  7.85000000e+02 
 1.80000000e+00  6.66232821e-01  1.00000000e+00  7.86000000e+02 
 1.80000000e+00  6.16967994e-01  1.00000000e+00  7.87000000e+02 
 1.80000000e+00  6.44835831e-01  1.00000000e+00  7.88000000e+02 
 1.80000000e+00  6.71497987e-01  1.00000000e+00  7.89000000e+02 
 1.80000000e+00  6.21099468e-01  1.00000000e+00  7.90000000e+02 
 1.80000000e+00  6.27559159e-01  1.00000000e+00  7.91000000e+02 
 1.80000000e+00  6.14189121e-01  1.00000000e+00  7.92000000e+02 
 1.80000000e+00  6.61654227e-01  1.00000000e+00  7.93000000e+02 
 1.80000000e+00  6.37412526e-01  1.00000000e+00  7.94000000e+02 
 1.80000000e+00  6.81781208e-01  1.00000000e+00  7.95000000e+02 
 1.80000000e+00  6.49444981e-01  1.00000000e+00  7.96000000e+02 
 1.80000000e+00  6.61288471e-01  1.00000000e+00  7.97000000e+02 
 1.80000000e+00  6.65588194e-01  1.00000000e+00  7.98000000e+02 
 1.80000000e+00  6.50478041e-01  1.00000000e+00  7.99000000e+02 
 1.80000000e+00  6.31463195e-01  1.00000000e+00  8.00000000e+02 
 1.80000000e+00  6.58743845e-01  1.00000000e+00  8.01000000e+02 
 1.80000000e+00  6.33918132e-01  1.00000000e+00  8.02000000e+02 
 1.80000000e+00  6.32764641e-01  1.00000000e+00  8.03000000e+02 
 1.80000000e+00  6.43374094e-01  1.00000000e+00  8.04000000e+02 
 1.80000000e+00  6.56100580e-01  1.00000000e+00  8.05000000e+02 
 1.80000000e+00  6.57553714e-01  1.00000000e+00  8.06000000e+02 
 1.80000000e+00  6.57804319e-01  1.00000000e+00  8.07000000e+02 
 1.80000000e+00  6.45165214e-01  1.00000000e+00  8.08000000e+02 
 1.80000000e+00  6.65741313e-01  1.00000000e+00  8.09000000e+02 
 1.80000000e+00  6.15340241e-01  1.00000000e+00  8.10000000e+02 
 1.80000000e+00  6.23461142e-01  1.00000000e+00  8.11000000e+02 
 1.80000000e+00  1.61766757e+00  1.00000000e+00  8.12000000e+02 
 1.80000000e+00  6.58082683e-01  1.00000000e+00  8.13000000e+02 
 1.80000000e+00  6.72999214e-01  1.00000000e+00  8.14000000e+02 
 1.80000000e+00  6.13238062e-01  1.00000000e+00  8.15000000e+02 
 1.80000000e+00  6.46261225e-01  1.00000000e+00  8.16000000e+02 
 1.80000000e+00  6.24497724e-01  1.00000000e+00  8.17000000e+02 
 1.80000000e+00  6.93886685e-01  1.00000000e+00  8.18000000e+02 
 1.80000000e+00  6.87071471e-01  1.00000000e+00  8.19000000e+02 
 1.80000000e+00  6.45445350e-01  1.00000000e+00  8.20000000e+02 
 1.80000000e+00  5.99050927e-01  1.00000000e+00  8.21000000e+02 
 1.80000000e+00  6.60213323e-01  1.00000000e+00  8.22000000e+02 
 1.80000000e+00  6.46775489e-01  1.00000000e+00  8.23000000e+02 
 1.80000000e+00  5.75943216e-02  1.00000000e+00  8.24000000e+02 
 1.80000000e+00  6.77655711e-01  1.00000000e+00  8.25000000e+02 
 1.80000000e+00  6.57290694e-01  1.00000000e+00  8.26000000e+02 
 1.80000000e+00  6.51104537e-01  1.00000000e+00  8.27000000e+02 
 1.80000000e+00  6.41425810e-01  1.00000000e+00  8.28000000e+02 
 1.80000000e+00  8.04926406e-02  1.00000000e+00  8.29000000e+02 
 1.80000000e+00  6.64083844e-01  1.00000000e+00  8.30000000e+02 
 1.80000000e+00  6.52724985e-01  1.00000000e+00  8.31000000e+02 
 1.80000000e+00  6.94956725e-01  1.00000000e+00  8.32000000e+02 
 1.80000000e+00  6.92370662e-01  1.00000000e+00  8.33000000e+02 
 1.80000000e+00  6.41837879e-01  1.00000000e+00  8.34000000e+02 
 1.80000000e+00  6.52366518e-01  1.00000000e+00  8.35000000e+02 
 1.80000000e+00  6.68292478e-01  1.00000000e+00  8.36000000e+02 
 1.80000000e+00  6.56106538e-01  1.00000000e+00  8.37000000e+02 
 1.80000000e+00  6.30665082e-01  1.00000000e+00  8.38000000e+02 
 1.80000000e+00  6.39159803e-01  1.00000000e+00  8.39000000e+02 
 1.80000000e+00  6.66829146e-01  1.00000000e+00  8.40000000e+02 
 1.80000000e+00  6.26008177e-01  1.00000000e+00  8.41000000e+02 
 1.80000000e+00  6.94306429e-01  1.00000000e+00  8.42000000e+02 
 1.80000000e+00  1.59470214e+00  1.00000000e+00  8.43000000e+02 
 1.80000000e+00  6.53317892e-01  1.00000000e+00  8.44000000e+02 
 1.80000000e+00  6.60957862e-01  1.00000000e+00  8.45000000e+02 
 1.80000000e+00  6.77124395e-01  1.00000000e+00  8.46000000e+02 
 1.80000000e+00  6.44280017e-01  1.00000000e+00  8.47000000e+02 
 1.80000000e+00  6.74365838e-01  1.00000000e+00  8.48000000e+02 
 1.80000000e+00  6.62080085e-01  1.00000000e+00  8.49000000e+02 
 1.80000000e+00  6.32409778e-01  1.00000000e+00  8.50000000e+02 
 1.80000000e+00  6.59611737e-01  1.00000000e+00  8.51000000e+02 
 1.80000000e+00  6.38759046e-01  1.00000000e+00  8.52000000e+02 
 1.80000000e+00  6.63447956e-01  1.00000000e+00  8.53000000e+02 
 1.80000000e+00  6.47075688e-01  1.00000000e+00  8.54000000e+02 
 1.80000000e+00  6.55322603e-01  1.00000000e+00  8.55000000e+02 
 1.80000000e+00  6.83579077e-01  1.00000000e+00  8.56000000e+02 
 1.80000000e+00  6.52011653e-01  1.00000000e+00  8.57000000e+02 
 1.80000000e+00  6.43245665e-01  1.00000000e+00  8.58000000e+02 
 1.80000000e+00  6.23080275e-01  1.00000000e+00  8.59000000e+02 
 1.80000000e+00 -9.77922855e+03  1.00000000e+00  8.60000000e+02 
 1.80000000e+00  6.27484909e-01  1.00000000e+00  8.61000000e+02 
 1.80000000e+00  6.64459299e-01  1.00000000e+00  8.62000000e+02 
 1.80000000e+00  6.76040648e-01  1.00000000e+00  8.63000000e+02 
 1.80000000e+00  1.34449733e-06  1.00000000e+00  8.64000000e+02 
 1.80000000e+00  6.69613752e-01  1.00000000e+00  8.65000000e+02 
 1.80000000e+00  6.30980938e-01  1.00000000e+00  8.66000000e+02 
 1.80000000e+00  6.20590495e-01  1.00000000e+00  8.67000000e+02 
 1.80000000e+00  7.18246666e-02  1.00000000e+00  8.68000000e+02 
 1.80000000e+00  6.50600377e-01  1.00000000e+00  8.69000000e+02 
 1.80000000e+00  6.33351453e-01  1.00000000e+00  8.70000000e+02 
 1.80000000e+00  1.28194610e-01  1.00000000e+00  8.71000000e+02 
 1.80000000e+00  6.55344350e-01  1.00000000e+00  8.72000000e+02 
 1.80000000e+00  6.64269765e-01  1.00000000e+00  8.73000000e+02 
 1.80000000e+00  6.65973504e-01  1.00000000e+00  8.74000000e+02 
 1.80000000e+00  6.42091168e-01  1.00000000e+00  8.75000000e+02 
 1.80000000e+00  6.65407972e-01  1.00000000e+00  8.76000000e+02 
 1.80000000e+00  6.72789886e-01  1.00000000e+00  8.77000000e+02 
 1.80000000e+00  6.58909170e-01  1.00000000e+00  8.78000000e+02 
 1.80000000e+00  6.48325255e-01  1.00000000e+00  8.79000000e+02 
 1.80000000e+00  6.80951207e-01  1.00000000e+00  8.80000000e+02 
 1.80000000e+00  6.93481119e-01  1.00000000e+00  8.81000000e+02 
 1.80000000e+00  6.32976580e-01  1.00000000e+00  8.82000000e+02 
 1.80000000e+00  6.05691737e-01  1.00000000e+00  8.83000000e+02 
 1.80000000e+00  6.56224942e-01  1.00000000e+00  8.84000000e+02 
 1.80000000e+00  6.81703949e-01  1.00000000e+00  8.85000000e+02 
 1.80000000e+00  6.67799587e-01  1.00000000e+00  8.86000000e+02 
 1.80000000e+00  1.62265700e+00  1.00000000e+00  8.87000000e+02 
 1.80000000e+00  6.63845055e-01  1.00000000e+00  8.88000000e+02 
 1.80000000e+00  6.90497397e-01  1.00000000e+00  8.89000000e+02 
 1.80000000e+00  6.46272994e-01  1.00000000e+00  8.90000000e+02 
 1.80000000e+00  6.43319529e-01  1.00000000e+00  8.91000000e+02 
 1.80000000e+00  6.68091372e-01  1.00000000e+00  8.92000000e+02 
 1.80000000e+00  6.68840572e-01  1.00000000e+00  8.93000000e+02 
 1.80000000e+00  6.76640195e-01  1.00000000e+00  8.94000000e+02 
 1.80000000e+00  7.04718236e-01  1.00000000e+00  8.95000000e+02 
 1.80000000e+00  6.47239151e-01  1.00000000e+00  8.96000000e+02 
 1.80000000e+00  6.22778435e-01  1.00000000e+00  8.97000000e+02 
 1.80000000e+00  6.45855100e-01  1.00000000e+00  8.98000000e+02 
 1.80000000e+00  6.87190980e-01  1.00000000e+00  8.99000000e+02 
 1.80000000e+00  6.28592398e-01  1.00000000e+00  9.00000000e+02 
 1.80000000e+00  6.58950222e-01  1.00000000e+00  9.01000000e+02 
 1.80000000e+00  6.78764633e-01  1.00000000e+00  9.02000000e+02 
 1.80000000e+00  6.46544948e-01  1.00000000e+00  9.03000000e+02 
 1.80000000e+00  6.66188611e-01  1.00000000e+00  9.04000000e+02 
 1.80000000e+00  6.49399155e-01  1.00000000e+00  9.05000000e+02 
 1.80000000e+00  7.01442144e-01  1.00000000e+00  9.06000000e+02 
 1.80000000e+00  6.69920992e-01  1.00000000e+00  9.07000000e+02 
 1.80000000e+00  6.61515345e-01  1.00000000e+00  9.08000000e+02 
 1.80000000e+00  6.19945564e-01  1.00000000e+00  9.09000000e+02 
 1.80000000e+00  6.49151916e-01  1.00000000e+00  9.10000000e+02 
 1.80000000e+00  6.22147100e-01  1.00000000e+00  9.11000000e+02 
 1.80000000e+00  1.59130705e+00  1.00000000e+00  9.12000000e+02 
 1.80000000e+00  6.52305160e-01  1.00000000e+00  9.13000000e+02 
 1.80000000e+00  6.43538136e-01  1.00000000e+00  9.14000000e+02 
 1.80000000e+00  6.41432066e-01  1.00000000e+00  9.15000000e+02 
 1.80000000e+00  6.54471918e-01  1.00000000e+00  9.16000000e+02 
 1.80000000e+00  6.08679328e-01  1.00000000e+00  9.17000000e+02 
 1.80000000e+00  1.40940823e-01  1.00000000e+00  9.18000000e+02 
 1.80000000e+00  6.88321949e-01  1.00000000e+00  9.19000000e+02 
 1.80000000e+00  6.63012986e-01  1.00000000e+00  9.20000000e+02 
 1.80000000e+00  6.31520486e-01  1.00000000e+00  9.21000000e+02 
 1.80000000e+00  6.23279689e-01  1.00000000e+00  9.22000000e+02 
 1.80000000e+00  6.72723693e-01  1.00000000e+00  9.23000000e+02 
 1.80000000e+00  6.79962735e-01  1.00000000e+00  9.24000000e+02 
 1.80000000e+00  6.60285196e-01  1.00000000e+00  9.25000000e+02 
 1.80000000e+00  6.61033019e-01  1.00000000e+00  9.26000000e+02 
 1.80000000e+00  6.82616144e-01  1.00000000e+00  9.27000000e+02 
 1.80000000e+00  6.55984055e-01  1.00000000e+00  9.28000000e+02 
 1.80000000e+00  6.32545963e-01  1.00000000e+00  9.29000000e+02 
 1.80000000e+00  6.37194431e-01  1.00000000e+00  9.30000000e+02 
 1.80000000e+00  6.58160192e-01  1.00000000e+00  9.31000000e+02 
 1.80000000e+00  6.71264193e-01  1.00000000e+00  9.32000000e+02 
 1.80000000e+00  6.27352341e-01  1.00000000e+00  9.33000000e+02 
 1.80000000e+00  6.76638628e-01  1.00000000e+00  9.34000000e+02 
 1.80000000e+00  6.50842091e-01  1.00000000e+00  9.35000000e+02 
 1.80000000e+00  6.43545085e-01  1.00000000e+00  9.36000000e+02 
 1.80000000e+00  6.31685224e-01  1.00000000e+00  9.37000000e+02 
 1.80000000e+00  6.40859246e-01  1.00000000e+00  9.38000000e+02 
 1.80000000e+00  6.49637656e-01  1.00000000e+00  9.39000000e+02 
 1.80000000e+00  6.15921578e-01  1.00000000e+00  9.40000000e+02 
 1.80000000e+00  6.35137264e-01  1.00000000e+00  9.41000000e+02 
 1.80000000e+00  6.59672172e-01  1.00000000e+00  9.42000000e+02 
 1.80000000e+00  6.53262519e-01  1.00000000e+00  9.43000000e+02 
 1.80000000e+00  6.39824141e-01  1.00000000e+00  9.44000000e+02 
 1.80000000e+00  6.82963299e-01  1.00000000e+00  9.45000000e+02 
 1.80000000e+00  6.88157640e-01  1.00000000e+00  9.46000000e+02 
 1.80000000e+00  6.41152273e-01  1.00000000e+00  9.47000000e+02 
 1.80000000e+00  6.64988324e-01  1.00000000e+00  9.48000000e+02 
 1.80000000e+00  5.43680729e-02  1.00000000e+00  9.49000000e+02 
 1.80000000e+00  6.21136308e-01  1.00000000e+00  9.50000000e+02 
 1.80000000e+00  6.33117392e-01  1.00000000e+00  9.51000000e+02 
 1.80000000e+00  6.57040349e-01  1.00000000e+00  9.52000000e+02 
 1.80000000e+00  6.49915037e-01  1.00000000e+00  9.53000000e+02 
 1.80000000e+00  6.81370345e-01  1.00000000e+00  9.54000000e+02 
 1.80000000e+00  6.66782212e-01  1.00000000e+00  9.55000000e+02 
 1.80000000e+00  6.58898171e-01  1.00000000e+00  9.56000000e+02 
 1.80000000e+00  6.69883595e-01  1.00000000e+00  9.57000000e+02 
 1.80000000e+00  6.55787670e-01  1.00000000e+00  9.58000000e+02 
 1.80000000e+00  6.37001823e-01  1.00000000e+00  9.59000000e+02 
 1.80000000e+00  6.27538416e-01  1.00000000e+00  9.60000000e+02 
 1.80000000e+00  6.34500967e-01  1.00000000e+00  9.61000000e+02 
 1.80000000e+00  1.58980530e+00  1.00000000e+00  9.62000000e+02 
 1.80000000e+00  6.63817157e-01  1.00000000e+00  9.63000000e+02 
 1.80000000e+00  6.33699596e-01  1.00000000e+00  9.64000000e+02 
 1.80000000e+00  6.71144060e-01  1.00000000e+00  9.65000000e+02 
 1.80000000e+00  6.43777471e-01  1.00000000e+00  9.66000000e+02 
 1.80000000e+00  6.67794855e-01  1.00000000e+00  9.67000000e+02 
 1.80000000e+00  6.62913035e-01  1.00000000e+00  9.68000000e+02 
 1.80000000e+00  1.34434196e-06  1.00000000e+00  9.69000000e+02 
 1.80000000e+00  6.64331980e-01  1.00000000e+00  9.70000000e+02 
 1.80000000e+00  6.61243375e-01  1.00000000e+00  9.71000000e+02 
 1.80000000e+00  6.31218284e-01  1.00000000e+00  9.72000000e+02 
 1.80000000e+00  6.58835609e-01  1.00000000e+00  9.73000000e+02 
 1.80000000e+00  6.11672276e-01  1.00000000e+00  9.74000000e+02 
 1.80000000e+00  6.45841379e-01  1.00000000e+00  9.75000000e+02 
 1.80000000e+00  6.92777908e-01  1.00000000e+00  9.76000000e+02 
 1.80000000e+00  1.32144654e-06  1.00000000e+00  9.77000000e+02 
 1.80000000e+00  6.35332685e-01  1.00000000e+00  9.78000000e+02 
 1.80000000e+00  6.49280434e-01  1.00000000e+00  9.79000000e+02 
 1.80000000e+00  6.44995847e-01  1.00000000e+00  9.80000000e+02 
 1.80000000e+00  6.77066511e-01  1.00000000e+00  9.81000000e+02 
 1.80000000e+00  6.62380199e-01  1.00000000e+00  9.82000000e+02 
 1.80000000e+00  6.33147572e-01  1.00000000e+00  9.83000000e+02 
 1.80000000e+00  6.87978585e-01  1.00000000e+00  9.84000000e+02 
 1.80000000e+00  6.37367813e-01  1.00000000e+00  9.85000000e+02 
 1.80000000e+00  6.02837596e-01  1.00000000e+00  9.86000000e+02 
 1.80000000e+00  6.55181597e-01  1.00000000e+00  9.87000000e+02 
 1.80000000e+00  6.61592794e-01  1.00000000e+00  9.88000000e+02 
 1.80000000e+00  6.70021113e-01  1.00000000e+00  9.89000000e+02 
 1.80000000e+00  6.62280616e-01  1.00000000e+00  9.90000000e+02 
 1.80000000e+00  6.63146464e-01  1.00000000e+00  9.91000000e+02 
 1.80000000e+00  6.68488572e-01  1.00000000e+00  9.92000000e+02 
 1.80000000e+00  6.37614225e-01  1.00000000e+00  9.93000000e+02 
 1.80000000e+00  6.27360678e-01  1.00000000e+00  9.94000000e+02 
 1.80000000e+00  6.88758675e-01  1.00000000e+00  9.95000000e+02 
 1.80000000e+00  6.57583727e-01  1.00000000e+00  9.96000000e+02 
 1.80000000e+00  6.96205759e-01  1.00000000e+00  9.97000000e+02 
 1.80000000e+00  6.36553777e-01  1.00000000e+00  9.98000000e+02 
 1.80000000e+00  6.63878060e-01  1.00000000e+00  9.99000000e+02 
