 1.80000000e+00  6.02931097e-01  1.00000000e+00  0.00000000e+00 
 1.80000000e+00  3.93432536e-01  1.00000000e+00  1.00000000e+00 
 1.80000000e+00  1.31093135e-06  1.00000000e+00  2.00000000e+00 
 1.80000000e+00  6.31095205e-01  1.00000000e+00  3.00000000e+00 
 1.80000000e+00  3.86769273e-01  1.00000000e+00  4.00000000e+00 
 1.80000000e+00  6.21305518e-01  1.00000000e+00  5.00000000e+00 
 1.80000000e+00  5.92001363e-01  1.00000000e+00  6.00000000e+00 
 1.80000000e+00  3.94109499e-01  1.00000000e+00  7.00000000e+00 
 1.80000000e+00  1.59054951e+00  1.00000000e+00  8.00000000e+00 
 1.80000000e+00  6.62965041e-01  1.00000000e+00  9.00000000e+00 
 1.80000000e+00  3.76231720e-01  1.00000000e+00  1.00000000e+01 
 1.80000000e+00  6.68724410e-01  1.00000000e+00  1.10000000e+01 
 1.80000000e+00  6.04862672e-01  1.00000000e+00  1.20000000e+01 
 1.80000000e+00  3.94552915e-01  1.00000000e+00  1.30000000e+01 
 1.80000000e+00  6.62658471e-01  1.00000000e+00  1.40000000e+01 
 1.80000000e+00  3.87735731e-01  1.00000000e+00  1.50000000e+01 
 1.80000000e+00  6.08071026e-01  1.00000000e+00  1.60000000e+01 
 1.80000000e+00  6.41818914e-01  1.00000000e+00  1.70000000e+01 
 1.80000000e+00  6.21940685e-01  1.00000000e+00  1.80000000e+01 
 1.80000000e+00  3.86607559e-01  1.00000000e+00  1.90000000e+01 
 1.80000000e+00  6.60694018e-01  1.00000000e+00  2.00000000e+01 
 1.80000000e+00  6.45056979e-01  1.00000000e+00  2.10000000e+01 
 1.80000000e+00  6.97334416e-01  1.00000000e+00  2.20000000e+01 
 1.80000000e+00  6.13925794e-01  1.00000000e+00  2.30000000e+01 
 1.80000000e+00  6.45262990e-01  1.00000000e+00  2.40000000e+01 
 1.80000000e+00  6.04804508e-01  1.00000000e+00  2.50000000e+01 
 1.80000000e+00  6.46485361e-01  1.00000000e+00  2.60000000e+01 
 1.80000000e+00  5.94756504e-01  1.00000000e+00  2.70000000e+01 
 1.80000000e+00  6.74193875e-01  1.00000000e+00  2.80000000e+01 
 1.80000000e+00  6.83308033e-01  1.00000000e+00  2.90000000e+01 
 1.80000000e+00  3.95590945e-01  1.00000000e+00  3.00000000e+01 
 1.80000000e+00  6.60824950e-01  1.00000000e+00  3.10000000e+01 
 1.80000000e+00  6.44214476e-01  1.00000000e+00  3.20000000e+01 
 1.80000000e+00  3.93848808e-01  1.00000000e+00  3.30000000e+01 
 1.80000000e+00  6.56419618e-01  1.00000000e+00  3.40000000e+01 
 1.80000000e+00  6.17786395e-01  1.00000000e+00  3.50000000e+01 
 1.80000000e+00  6.10458015e-01  1.00000000e+00  3.60000000e+01 
 1.80000000e+00  6.76617265e-01  1.00000000e+00  3.70000000e+01 
 1.80000000e+00  6.55192211e-01  1.00000000e+00  3.80000000e+01 
 1.80000000e+00  6.45787403e-01  1.00000000e+00  3.90000000e+01 
 1.80000000e+00  6.49073158e-01  1.00000000e+00  4.00000000e+01 
 1.80000000e+00  4.26498562e-01  1.00000000e+00  4.10000000e+01 
 1.80000000e+00  3.54987157e-01  1.00000000e+00  4.20000000e+01 
 1.80000000e+00  6.57646521e-01  1.00000000e+00  4.30000000e+01 
 1.80000000e+00  6.28963821e-01  1.00000000e+00  4.40000000e+01 
 1.80000000e+00  3.80182086e-01  1.00000000e+00  4.50000000e+01 
 1.80000000e+00  6.61731534e-01  1.00000000e+00  4.60000000e+01 
 1.80000000e+00  6.82726518e-01  1.00000000e+00  4.70000000e+01 
 1.80000000e+00  6.67672800e-01  1.00000000e+00  4.80000000e+01 
 1.80000000e+00  6.59022775e-01  1.00000000e+00  4.90000000e+01 
 1.80000000e+00  3.63067005e-01  1.00000000e+00  5.00000000e+01 
 1.80000000e+00  6.59126273e-01  1.00000000e+00  5.10000000e+01 
 1.80000000e+00  6.78185668e-01  1.00000000e+00  5.20000000e+01 
 1.80000000e+00  6.24211035e-01  1.00000000e+00  5.30000000e+01 
 1.80000000e+00  6.49626786e-01  1.00000000e+00  5.40000000e+01 
 1.80000000e+00  3.92166066e-01  1.00000000e+00  5.50000000e+01 
 1.80000000e+00  6.80957121e-01  1.00000000e+00  5.60000000e+01 
 1.80000000e+00  6.09078159e-01  1.00000000e+00  5.70000000e+01 
 1.80000000e+00  6.80520181e-01  1.00000000e+00  5.80000000e+01 
 1.80000000e+00  3.90666882e-01  1.00000000e+00  5.90000000e+01 
 1.80000000e+00  3.61733378e-01  1.00000000e+00  6.00000000e+01 
 1.80000000e+00  6.57827480e-01  1.00000000e+00  6.10000000e+01 
 1.80000000e+00  3.86733820e-01  1.00000000e+00  6.20000000e+01 
 1.80000000e+00  6.36875182e-01  1.00000000e+00  6.30000000e+01 
 1.80000000e+00  1.29885896e-06  1.00000000e+00  6.40000000e+01 
 1.80000000e+00  4.09533274e-01  1.00000000e+00  6.50000000e+01 
 1.80000000e+00  3.88998309e-01  1.00000000e+00  6.60000000e+01 
 1.80000000e+00  6.38811497e-01  1.00000000e+00  6.70000000e+01 
 1.80000000e+00  6.24236482e-01  1.00000000e+00  6.80000000e+01 
 1.80000000e+00  6.78586905e-01  1.00000000e+00  6.90000000e+01 
 1.80000000e+00  4.06038970e-01  1.00000000e+00  7.00000000e+01 
 1.80000000e+00  6.71205997e-01  1.00000000e+00  7.10000000e+01 
 1.80000000e+00  6.50350959e-01  1.00000000e+00  7.20000000e+01 
 1.80000000e+00  6.00290766e-01  1.00000000e+00  7.30000000e+01 
 1.80000000e+00  6.86524932e-01  1.00000000e+00  7.40000000e+01 
 1.80000000e+00  6.71365756e-01  1.00000000e+00  7.50000000e+01 
 1.80000000e+00  6.48768326e-01  1.00000000e+00  7.60000000e+01 
 1.80000000e+00  6.47675685e-01  1.00000000e+00  7.70000000e+01 
 1.80000000e+00  3.75313907e-01  1.00000000e+00  7.80000000e+01 
 1.80000000e+00  6.48853402e-01  1.00000000e+00  7.90000000e+01 
 1.80000000e+00  6.57551520e-01  1.00000000e+00  8.00000000e+01 
 1.80000000e+00  6.31644867e-01  1.00000000e+00  8.10000000e+01 
 1.80000000e+00  6.18002014e-01  1.00000000e+00  8.20000000e+01 
 1.80000000e+00  6.70302214e-01  1.00000000e+00  8.30000000e+01 
 1.80000000e+00  3.69496761e-01  1.00000000e+00  8.40000000e+01 
 1.80000000e+00  5.96561228e-01  1.00000000e+00  8.50000000e+01 
 1.80000000e+00  6.35266411e-01  1.00000000e+00  8.60000000e+01 
 1.80000000e+00  6.72298639e-01  1.00000000e+00  8.70000000e+01 
 1.80000000e+00  6.32992661e-01  1.00000000e+00  8.80000000e+01 
 1.80000000e+00  6.63657841e-01  1.00000000e+00  8.90000000e+01 
 1.80000000e+00  6.35983621e-01  1.00000000e+00  9.00000000e+01 
 1.80000000e+00  6.55602840e-01  1.00000000e+00  9.10000000e+01 
 1.80000000e+00  6.72830783e-01  1.00000000e+00  9.20000000e+01 
 1.80000000e+00  6.93037648e-01  1.00000000e+00  9.30000000e+01 
 1.80000000e+00  6.12829604e-01  1.00000000e+00  9.40000000e+01 
 1.80000000e+00  6.29104429e-01  1.00000000e+00  9.50000000e+01 
 1.80000000e+00  6.46792743e-01  1.00000000e+00  9.60000000e+01 
 1.80000000e+00  6.55873630e-01  1.00000000e+00  9.70000000e+01 
 1.80000000e+00  4.03069654e-01  1.00000000e+00  9.80000000e+01 
 1.80000000e+00  6.20394151e-01  1.00000000e+00  9.90000000e+01 
 1.80000000e+00  6.36249115e-01  1.00000000e+00  1.00000000e+02 
 1.80000000e+00  3.66317478e-01  1.00000000e+00  1.01000000e+02 
 1.80000000e+00  6.86832578e-01  1.00000000e+00  1.02000000e+02 
 1.80000000e+00  6.88964949e-01  1.00000000e+00  1.03000000e+02 
 1.80000000e+00  1.58808195e+00  1.00000000e+00  1.04000000e+02 
 1.80000000e+00  6.41392431e-01  1.00000000e+00  1.05000000e+02 
 1.80000000e+00  6.13940712e-01  1.00000000e+00  1.06000000e+02 
 1.80000000e+00  6.72215310e-01  1.00000000e+00  1.07000000e+02 
 1.80000000e+00  4.04960357e-01  1.00000000e+00  1.08000000e+02 
 1.80000000e+00  6.35399491e-01  1.00000000e+00  1.09000000e+02 
 1.80000000e+00  6.79022853e-01  1.00000000e+00  1.10000000e+02 
 1.80000000e+00  6.60351020e-01  1.00000000e+00  1.11000000e+02 
 1.80000000e+00  6.78267576e-01  1.00000000e+00  1.12000000e+02 
 1.80000000e+00  6.22634225e-01  1.00000000e+00  1.13000000e+02 
 1.80000000e+00  4.08200565e-01  1.00000000e+00  1.14000000e+02 
 1.80000000e+00  3.82385375e-01  1.00000000e+00  1.15000000e+02 
 1.80000000e+00  4.02729877e-01  1.00000000e+00  1.16000000e+02 
 1.80000000e+00  3.84717818e-01  1.00000000e+00  1.17000000e+02 
 1.80000000e+00  6.20541871e-01  1.00000000e+00  1.18000000e+02 
 1.80000000e+00  6.89716078e-01  1.00000000e+00  1.19000000e+02 
 1.80000000e+00  6.77685362e-01  1.00000000e+00  1.20000000e+02 
 1.80000000e+00  6.07017841e-01  1.00000000e+00  1.21000000e+02 
 1.80000000e+00  6.37437348e-01  1.00000000e+00  1.22000000e+02 
 1.80000000e+00  6.57549002e-01  1.00000000e+00  1.23000000e+02 
 1.80000000e+00  6.53641299e-01  1.00000000e+00  1.24000000e+02 
 1.80000000e+00  6.78113852e-01  1.00000000e+00  1.25000000e+02 
 1.80000000e+00  6.90250498e-01  1.00000000e+00  1.26000000e+02 
 1.80000000e+00  6.89441839e-01  1.00000000e+00  1.27000000e+02 
 1.80000000e+00  6.15260254e-01  1.00000000e+00  1.28000000e+02 
 1.80000000e+00  6.82660296e-01  1.00000000e+00  1.29000000e+02 
 1.80000000e+00  6.76926029e-01  1.00000000e+00  1.30000000e+02 
 1.80000000e+00  6.75958633e-01  1.00000000e+00  1.31000000e+02 
 1.80000000e+00  3.99271735e-01  1.00000000e+00  1.32000000e+02 
 1.80000000e+00  3.57385945e-01  1.00000000e+00  1.33000000e+02 
 1.80000000e+00  6.36165756e-01  1.00000000e+00  1.34000000e+02 
 1.80000000e+00  6.31732894e-01  1.00000000e+00  1.35000000e+02 
 1.80000000e+00  6.77174921e-01  1.00000000e+00  1.36000000e+02 
 1.80000000e+00  6.85277766e-01  1.00000000e+00  1.37000000e+02 
 1.80000000e+00  6.41446269e-01  1.00000000e+00  1.38000000e+02 
 1.80000000e+00  6.51302095e-01  1.00000000e+00  1.39000000e+02 
 1.80000000e+00  6.50135285e-01  1.00000000e+00  1.40000000e+02 
 1.80000000e+00  6.94750361e-01  1.00000000e+00  1.41000000e+02 
 1.80000000e+00  6.88915387e-01  1.00000000e+00  1.42000000e+02 
 1.80000000e+00  6.69053731e-01  1.00000000e+00  1.43000000e+02 
 1.80000000e+00  3.82007008e-01  1.00000000e+00  1.44000000e+02 
 1.80000000e+00  4.09598258e-01  1.00000000e+00  1.45000000e+02 
 1.80000000e+00  6.64997666e-01  1.00000000e+00  1.46000000e+02 
 1.80000000e+00  6.52444614e-01  1.00000000e+00  1.47000000e+02 
 1.80000000e+00  6.20415178e-01  1.00000000e+00  1.48000000e+02 
 1.80000000e+00  6.09811117e-01  1.00000000e+00  1.49000000e+02 
 1.80000000e+00 -9.68369183e+03  1.00000000e+00  1.50000000e+02 
 1.80000000e+00  6.53549539e-01  1.00000000e+00  1.51000000e+02 
 1.80000000e+00  6.45739047e-01  1.00000000e+00  1.52000000e+02 
 1.80000000e+00  6.88404748e-01  1.00000000e+00  1.53000000e+02 
 1.80000000e+00  6.53353926e-01  1.00000000e+00  1.54000000e+02 
 1.80000000e+00  6.80904875e-01  1.00000000e+00  1.55000000e+02 
 1.80000000e+00  6.73669715e-01  1.00000000e+00  1.56000000e+02 
 1.80000000e+00  3.89752855e-01  1.00000000e+00  1.57000000e+02 
 1.80000000e+00  6.33269431e-01  1.00000000e+00  1.58000000e+02 
 1.80000000e+00  6.66941747e-01  1.00000000e+00  1.59000000e+02 
 1.80000000e+00  6.54488589e-01  1.00000000e+00  1.60000000e+02 
 1.80000000e+00  6.25042726e-01  1.00000000e+00  1.61000000e+02 
 1.80000000e+00  6.43910877e-01  1.00000000e+00  1.62000000e+02 
 1.80000000e+00  6.89697878e-01  1.00000000e+00  1.63000000e+02 
 1.80000000e+00  6.18658069e-01  1.00000000e+00  1.64000000e+02 
 1.80000000e+00  6.78149265e-01  1.00000000e+00  1.65000000e+02 
 1.80000000e+00  3.99783423e-01  1.00000000e+00  1.66000000e+02 
 1.80000000e+00  3.78535854e-01  1.00000000e+00  1.67000000e+02 
 1.80000000e+00  6.60768004e-01  1.00000000e+00  1.68000000e+02 
 1.80000000e+00  6.44867221e-01  1.00000000e+00  1.69000000e+02 
 1.80000000e+00  1.74523695e+00  1.00000000e+00  1.70000000e+02 
 1.80000000e+00  6.24271194e-01  1.00000000e+00  1.71000000e+02 
 1.80000000e+00  3.80416244e-01  1.00000000e+00  1.72000000e+02 
 1.80000000e+00  6.82499871e-01  1.00000000e+00  1.73000000e+02 
 1.80000000e+00  6.52326522e-01  1.00000000e+00  1.74000000e+02 
 1.80000000e+00  4.06968658e-01  1.00000000e+00  1.75000000e+02 
 1.80000000e+00  6.69225808e-01  1.00000000e+00  1.76000000e+02 
 1.80000000e+00  6.16020917e-01  1.00000000e+00  1.77000000e+02 
 1.80000000e+00  6.61867086e-01  1.00000000e+00  1.78000000e+02 
 1.80000000e+00  6.12507659e-01  1.00000000e+00  1.79000000e+02 
 1.80000000e+00  6.10466533e-01  1.00000000e+00  1.80000000e+02 
 1.80000000e+00  6.32081745e-01  1.00000000e+00  1.81000000e+02 
 1.80000000e+00  6.31296124e-01  1.00000000e+00  1.82000000e+02 
 1.80000000e+00  3.79998438e-01  1.00000000e+00  1.83000000e+02 
 1.80000000e+00  6.55675191e-01  1.00000000e+00  1.84000000e+02 
 1.80000000e+00  6.13264781e-01  1.00000000e+00  1.85000000e+02 
 1.80000000e+00  6.71110224e-01  1.00000000e+00  1.86000000e+02 
 1.80000000e+00  6.49917388e-01  1.00000000e+00  1.87000000e+02 
 1.80000000e+00  6.31244509e-01  1.00000000e+00  1.88000000e+02 
 1.80000000e+00  4.00174281e-01  1.00000000e+00  1.89000000e+02 
 1.80000000e+00  3.92124532e-01  1.00000000e+00  1.90000000e+02 
 1.80000000e+00  6.57690749e-01  1.00000000e+00  1.91000000e+02 
 1.80000000e+00  6.46346113e-01  1.00000000e+00  1.92000000e+02 
 1.80000000e+00  6.26499757e-01  1.00000000e+00  1.93000000e+02 
 1.80000000e+00  6.68214783e-01  1.00000000e+00  1.94000000e+02 
 1.80000000e+00  6.23588427e-01  1.00000000e+00  1.95000000e+02 
 1.80000000e+00  6.65945491e-01  1.00000000e+00  1.96000000e+02 
 1.80000000e+00  1.58407989e+00  1.00000000e+00  1.97000000e+02 
 1.80000000e+00  6.65752354e-01  1.00000000e+00  1.98000000e+02 
 1.80000000e+00  6.42176421e-01  1.00000000e+00  1.99000000e+02 
 1.80000000e+00  6.59128759e-01  1.00000000e+00  2.00000000e+02 
 1.80000000e+00  6.71193647e-01  1.00000000e+00  2.01000000e+02 
 1.80000000e+00  3.90681590e-01  1.00000000e+00  2.02000000e+02 
 1.80000000e+00  6.37507485e-01  1.00000000e+00  2.03000000e+02 
 1.80000000e+00  3.83390920e-01  1.00000000e+00  2.04000000e+02 
 1.80000000e+00  6.85713025e-01  1.00000000e+00  2.05000000e+02 
 1.80000000e+00  6.42929950e-01  1.00000000e+00  2.06000000e+02 
 1.80000000e+00  6.64612158e-01  1.00000000e+00  2.07000000e+02 
 1.80000000e+00  6.69616347e-01  1.00000000e+00  2.08000000e+02 
 1.80000000e+00  6.46924557e-01  1.00000000e+00  2.09000000e+02 
 1.80000000e+00  6.24338780e-01  1.00000000e+00  2.10000000e+02 
 1.80000000e+00  6.95479573e-01  1.00000000e+00  2.11000000e+02 
 1.80000000e+00  6.33216106e-01  1.00000000e+00  2.12000000e+02 
 1.80000000e+00  6.59086668e-01  1.00000000e+00  2.13000000e+02 
 1.80000000e+00  6.80133772e-01  1.00000000e+00  2.14000000e+02 
 1.80000000e+00  6.01673204e-01  1.00000000e+00  2.15000000e+02 
 1.80000000e+00  3.88744989e-01  1.00000000e+00  2.16000000e+02 
 1.80000000e+00  6.29861791e-01  1.00000000e+00  2.17000000e+02 
 1.80000000e+00  6.63230196e-01  1.00000000e+00  2.18000000e+02 
 1.80000000e+00  6.42856863e-01  1.00000000e+00  2.19000000e+02 
 1.80000000e+00  1.40248240e-01  1.00000000e+00  2.20000000e+02 
 1.80000000e+00  4.08580370e-01  1.00000000e+00  2.21000000e+02 
 1.80000000e+00  3.84646138e-01  1.00000000e+00  2.22000000e+02 
 1.80000000e+00  6.57340766e-01  1.00000000e+00  2.23000000e+02 
 1.80000000e+00  5.99629550e-01  1.00000000e+00  2.24000000e+02 
 1.80000000e+00  6.35302647e-01  1.00000000e+00  2.25000000e+02 
 1.80000000e+00  6.56659160e-01  1.00000000e+00  2.26000000e+02 
 1.80000000e+00  6.30849958e-01  1.00000000e+00  2.27000000e+02 
 1.80000000e+00  6.23756394e-01  1.00000000e+00  2.28000000e+02 
 1.80000000e+00  6.36685373e-01  1.00000000e+00  2.29000000e+02 
 1.80000000e+00  6.62117183e-01  1.00000000e+00  2.30000000e+02 
 1.80000000e+00  7.00234944e-01  1.00000000e+00  2.31000000e+02 
 1.80000000e+00  3.81883132e-01  1.00000000e+00  2.32000000e+02 
 1.80000000e+00  3.96257638e-01  1.00000000e+00  2.33000000e+02 
 1.80000000e+00  6.35343223e-01  1.00000000e+00  2.34000000e+02 
 1.80000000e+00  6.23445994e-01  1.00000000e+00  2.35000000e+02 
 1.80000000e+00  6.87428757e-01  1.00000000e+00  2.36000000e+02 
 1.80000000e+00  6.73325317e-01  1.00000000e+00  2.37000000e+02 
 1.80000000e+00  3.90899266e-01  1.00000000e+00  2.38000000e+02 
 1.80000000e+00  6.06656109e-01  1.00000000e+00  2.39000000e+02 
 1.80000000e+00  6.62948223e-01  1.00000000e+00  2.40000000e+02 
 1.80000000e+00  1.12235505e-01  1.00000000e+00  2.41000000e+02 
 1.80000000e+00  6.82229508e-01  1.00000000e+00  2.42000000e+02 
 1.80000000e+00  6.63383493e-01  1.00000000e+00  2.43000000e+02 
 1.80000000e+00  6.37190042e-01  1.00000000e+00  2.44000000e+02 
 1.80000000e+00  6.04251065e-01  1.00000000e+00  2.45000000e+02 
 1.80000000e+00  6.24224981e-01  1.00000000e+00  2.46000000e+02 
 1.80000000e+00  6.29454244e-01  1.00000000e+00  2.47000000e+02 
 1.80000000e+00  6.76380795e-01  1.00000000e+00  2.48000000e+02 
 1.80000000e+00  6.30337332e-01  1.00000000e+00  2.49000000e+02 
 1.80000000e+00  6.58907115e-01  1.00000000e+00  2.50000000e+02 
 1.80000000e+00  6.58306023e-01  1.00000000e+00  2.51000000e+02 
 1.80000000e+00  3.70611398e-01  1.00000000e+00  2.52000000e+02 
 1.80000000e+00  3.88088165e-01  1.00000000e+00  2.53000000e+02 
 1.80000000e+00  6.54088682e-01  1.00000000e+00  2.54000000e+02 
 1.80000000e+00  1.58939988e+00  1.00000000e+00  2.55000000e+02 
 1.80000000e+00  1.11841145e-01  1.00000000e+00  2.56000000e+02 
 1.80000000e+00  6.65277001e-01  1.00000000e+00  2.57000000e+02 
 1.80000000e+00  6.31122520e-01  1.00000000e+00  2.58000000e+02 
 1.80000000e+00  6.55293984e-01  1.00000000e+00  2.59000000e+02 
 1.80000000e+00  6.80568204e-01  1.00000000e+00  2.60000000e+02 
 1.80000000e+00  6.62288873e-01  1.00000000e+00  2.61000000e+02 
 1.80000000e+00  6.53866036e-01  1.00000000e+00  2.62000000e+02 
 1.80000000e+00  6.91323830e-01  1.00000000e+00  2.63000000e+02 
 1.80000000e+00  5.98389485e-01  1.00000000e+00  2.64000000e+02 
 1.80000000e+00  6.77148567e-01  1.00000000e+00  2.65000000e+02 
 1.80000000e+00  6.43406268e-01  1.00000000e+00  2.66000000e+02 
 1.80000000e+00  6.39805970e-01  1.00000000e+00  2.67000000e+02 
 1.80000000e+00  6.72192231e-01  1.00000000e+00  2.68000000e+02 
 1.80000000e+00  6.59341221e-01  1.00000000e+00  2.69000000e+02 
 1.80000000e+00  1.30829376e-06  1.00000000e+00  2.70000000e+02 
 1.80000000e+00  3.84005203e-01  1.00000000e+00  2.71000000e+02 
 1.80000000e+00  1.59544605e+00  1.00000000e+00  2.72000000e+02 
 1.80000000e+00  3.56262955e-01  1.00000000e+00  2.73000000e+02 
 1.80000000e+00  6.61526623e-01  1.00000000e+00  2.74000000e+02 
 1.80000000e+00  6.48557080e-01  1.00000000e+00  2.75000000e+02 
 1.80000000e+00  6.22898025e-01  1.00000000e+00  2.76000000e+02 
 1.80000000e+00  6.81023894e-01  1.00000000e+00  2.77000000e+02 
 1.80000000e+00  3.86099749e-01  1.00000000e+00  2.78000000e+02 
 1.80000000e+00  3.88813795e-01  1.00000000e+00  2.79000000e+02 
 1.80000000e+00  6.76429201e-01  1.00000000e+00  2.80000000e+02 
 1.80000000e+00  6.36205102e-01  1.00000000e+00  2.81000000e+02 
 1.80000000e+00  6.31967875e-01  1.00000000e+00  2.82000000e+02 
 1.80000000e+00  6.88543959e-01  1.00000000e+00  2.83000000e+02 
 1.80000000e+00  5.87265654e-01  1.00000000e+00  2.84000000e+02 
 1.80000000e+00  6.61362193e-01  1.00000000e+00  2.85000000e+02 
 1.80000000e+00  6.18315118e-01  1.00000000e+00  2.86000000e+02 
 1.80000000e+00  6.15865211e-01  1.00000000e+00  2.87000000e+02 
 1.80000000e+00  6.18235176e-01  1.00000000e+00  2.88000000e+02 
 1.80000000e+00  6.30558713e-01  1.00000000e+00  2.89000000e+02 
 1.80000000e+00  6.71538877e-01  1.00000000e+00  2.90000000e+02 
 1.80000000e+00  6.75374285e-01  1.00000000e+00  2.91000000e+02 
 1.80000000e+00  6.55119352e-01  1.00000000e+00  2.92000000e+02 
 1.80000000e+00  6.65300741e-01  1.00000000e+00  2.93000000e+02 
 1.80000000e+00  3.92213255e-01  1.00000000e+00  2.94000000e+02 
 1.80000000e+00  3.99779267e-01  1.00000000e+00  2.95000000e+02 
 1.80000000e+00  6.65965614e-01  1.00000000e+00  2.96000000e+02 
 1.80000000e+00  6.69941956e-01  1.00000000e+00  2.97000000e+02 
 1.80000000e+00  6.19977031e-01  1.00000000e+00  2.98000000e+02 
 1.80000000e+00  7.13027456e-01  1.00000000e+00  2.99000000e+02 
 1.80000000e+00  3.87924440e-01  1.00000000e+00  3.00000000e+02 
 1.80000000e+00  6.11936778e-01  1.00000000e+00  3.01000000e+02 
 1.80000000e+00  6.61275511e-01  1.00000000e+00  3.02000000e+02 
 1.80000000e+00  3.94971255e-01  1.00000000e+00  3.03000000e+02 
 1.80000000e+00  6.36405522e-01  1.00000000e+00  3.04000000e+02 
 1.80000000e+00  6.46845740e-01  1.00000000e+00  3.05000000e+02 
 1.80000000e+00  6.71728397e-01  1.00000000e+00  3.06000000e+02 
 1.80000000e+00  6.78638437e-01  1.00000000e+00  3.07000000e+02 
 1.80000000e+00  6.69430640e-01  1.00000000e+00  3.08000000e+02 
 1.80000000e+00  6.51956854e-01  1.00000000e+00  3.09000000e+02 
 1.80000000e+00  6.31102284e-01  1.00000000e+00  3.10000000e+02 
 1.80000000e+00  6.63710804e-01  1.00000000e+00  3.11000000e+02 
 1.80000000e+00  4.00539880e-01  1.00000000e+00  3.12000000e+02 
 1.80000000e+00  3.89532921e-01  1.00000000e+00  3.13000000e+02 
 1.80000000e+00  1.59324345e+00  1.00000000e+00  3.14000000e+02 
 1.80000000e+00  3.60582259e-01  1.00000000e+00  3.15000000e+02 
 1.80000000e+00  3.87475327e-01  1.00000000e+00  3.16000000e+02 
 1.80000000e+00  6.46355347e-01  1.00000000e+00  3.17000000e+02 
 1.80000000e+00  6.03676780e-01  1.00000000e+00  3.18000000e+02 
 1.80000000e+00  6.29600457e-01  1.00000000e+00  3.19000000e+02 
 1.80000000e+00  6.11081302e-01  1.00000000e+00  3.20000000e+02 
 1.80000000e+00  6.29917858e-01  1.00000000e+00  3.21000000e+02 
 1.80000000e+00  6.63207414e-01  1.00000000e+00  3.22000000e+02 
 1.80000000e+00  6.53137598e-01  1.00000000e+00  3.23000000e+02 
 1.80000000e+00  6.25676574e-01  1.00000000e+00  3.24000000e+02 
 1.80000000e+00  4.04142375e-01  1.00000000e+00  3.25000000e+02 
 1.80000000e+00  3.95785968e-01  1.00000000e+00  3.26000000e+02 
 1.80000000e+00  3.69056159e-01  1.00000000e+00  3.27000000e+02 
 1.80000000e+00  6.76069878e-01  1.00000000e+00  3.28000000e+02 
 1.80000000e+00  6.60763441e-01  1.00000000e+00  3.29000000e+02 
 1.80000000e+00  6.33113443e-01  1.00000000e+00  3.30000000e+02 
 1.80000000e+00  6.81595940e-01  1.00000000e+00  3.31000000e+02 
 1.80000000e+00  6.03748589e-01  1.00000000e+00  3.32000000e+02 
 1.80000000e+00  6.57643912e-01  1.00000000e+00  3.33000000e+02 
 1.80000000e+00  6.52016812e-01  1.00000000e+00  3.34000000e+02 
 1.80000000e+00  1.13335299e-01  1.00000000e+00  3.35000000e+02 
 1.80000000e+00  1.58833549e+00  1.00000000e+00  3.36000000e+02 
 1.80000000e+00  3.95674572e-01  1.00000000e+00  3.37000000e+02 
 1.80000000e+00  6.22707978e-01  1.00000000e+00  3.38000000e+02 
 1.80000000e+00  6.60010861e-01  1.00000000e+00  3.39000000e+02 
 1.80000000e+00  6.69046394e-01  1.00000000e+00  3.40000000e+02 
 1.80000000e+00  6.62402827e-01  1.00000000e+00  3.41000000e+02 
 1.80000000e+00  6.55297672e-01  1.00000000e+00  3.42000000e+02 
 1.80000000e+00  6.64947840e-01  1.00000000e+00  3.43000000e+02 
 1.80000000e+00  6.34416953e-01  1.00000000e+00  3.44000000e+02 
 1.80000000e+00  6.28442335e-01  1.00000000e+00  3.45000000e+02 
 1.80000000e+00  6.37782844e-01  1.00000000e+00  3.46000000e+02 
 1.80000000e+00  6.17415073e-01  1.00000000e+00  3.47000000e+02 
 1.80000000e+00  6.67523139e-01  1.00000000e+00  3.48000000e+02 
 1.80000000e+00  6.40181754e-01  1.00000000e+00  3.49000000e+02 
 1.80000000e+00  6.76436745e-01  1.00000000e+00  3.50000000e+02 
 1.80000000e+00  6.48259587e-01  1.00000000e+00  3.51000000e+02 
 1.80000000e+00  3.82022698e-01  1.00000000e+00  3.52000000e+02 
 1.80000000e+00  6.47785974e-01  1.00000000e+00  3.53000000e+02 
 1.80000000e+00  6.87275277e-01  1.00000000e+00  3.54000000e+02 
 1.80000000e+00  6.66390445e-01  1.00000000e+00  3.55000000e+02 
 1.80000000e+00  6.26523508e-01  1.00000000e+00  3.56000000e+02 
 1.80000000e+00  4.08852829e-01  1.00000000e+00  3.57000000e+02 
 1.80000000e+00  6.65156070e-01  1.00000000e+00  3.58000000e+02 
 1.80000000e+00  4.09416323e-01  1.00000000e+00  3.59000000e+02 
 1.80000000e+00  6.21369731e-01  1.00000000e+00  3.60000000e+02 
 1.80000000e+00  6.87773387e-01  1.00000000e+00  3.61000000e+02 
 1.80000000e+00  4.01606836e-01  1.00000000e+00  3.62000000e+02 
 1.80000000e+00  6.54037615e-01  1.00000000e+00  3.63000000e+02 
 1.80000000e+00  6.78658591e-01  1.00000000e+00  3.64000000e+02 
 1.80000000e+00  6.84189054e-01  1.00000000e+00  3.65000000e+02 
 1.80000000e+00  6.51197066e-01  1.00000000e+00  3.66000000e+02 
 1.80000000e+00  6.58056942e-01  1.00000000e+00  3.67000000e+02 
 1.80000000e+00  6.56204260e-01  1.00000000e+00  3.68000000e+02 
 1.80000000e+00  3.71676949e-01  1.00000000e+00  3.69000000e+02 
 1.80000000e+00  6.19950890e-01  1.00000000e+00  3.70000000e+02 
 1.80000000e+00  6.74035203e-01  1.00000000e+00  3.71000000e+02 
 1.80000000e+00  6.51736549e-01  1.00000000e+00  3.72000000e+02 
 1.80000000e+00  6.54126165e-01  1.00000000e+00  3.73000000e+02 
 1.80000000e+00  3.82922760e-01  1.00000000e+00  3.74000000e+02 
 1.80000000e+00  3.11425559e-01  1.00000000e+00  3.75000000e+02 
 1.80000000e+00  1.58931118e+00  1.00000000e+00  3.76000000e+02 
 1.80000000e+00  6.39466053e-01  1.00000000e+00  3.77000000e+02 
 1.80000000e+00  6.40871320e-01  1.00000000e+00  3.78000000e+02 
 1.80000000e+00  6.62852460e-01  1.00000000e+00  3.79000000e+02 
 1.80000000e+00  6.77066111e-01  1.00000000e+00  3.80000000e+02 
 1.80000000e+00  7.15322728e-01  1.00000000e+00  3.81000000e+02 
 1.80000000e+00  6.63027658e-01  1.00000000e+00  3.82000000e+02 
 1.80000000e+00  6.67001245e-01  1.00000000e+00  3.83000000e+02 
 1.80000000e+00  6.68351194e-01  1.00000000e+00  3.84000000e+02 
 1.80000000e+00  6.69916780e-01  1.00000000e+00  3.85000000e+02 
 1.80000000e+00  6.32044975e-01  1.00000000e+00  3.86000000e+02 
 1.80000000e+00  6.69366574e-01  1.00000000e+00  3.87000000e+02 
 1.80000000e+00  3.77910356e-01  1.00000000e+00  3.88000000e+02 
 1.80000000e+00  6.48103090e-01  1.00000000e+00  3.89000000e+02 
 1.80000000e+00  3.94706620e-01  1.00000000e+00  3.90000000e+02 
 1.80000000e+00  6.70193352e-01  1.00000000e+00  3.91000000e+02 
 1.80000000e+00  6.58587336e-01  1.00000000e+00  3.92000000e+02 
 1.80000000e+00  6.77237606e-01  1.00000000e+00  3.93000000e+02 
 1.80000000e+00  6.54552439e-01  1.00000000e+00  3.94000000e+02 
 1.80000000e+00  4.10123259e-01  1.00000000e+00  3.95000000e+02 
 1.80000000e+00  6.44898911e-01  1.00000000e+00  3.96000000e+02 
 1.80000000e+00  6.96702470e-01  1.00000000e+00  3.97000000e+02 
 1.80000000e+00  6.47746143e-01  1.00000000e+00  3.98000000e+02 
 1.80000000e+00  6.55086070e-01  1.00000000e+00  3.99000000e+02 
 1.80000000e+00  6.59228749e-01  1.00000000e+00  4.00000000e+02 
 1.80000000e+00  1.58927309e+00  1.00000000e+00  4.01000000e+02 
 1.80000000e+00  3.68959107e-01  1.00000000e+00  4.02000000e+02 
 1.80000000e+00  6.57839990e-01  1.00000000e+00  4.03000000e+02 
 1.80000000e+00  5.79644824e-01  1.00000000e+00  4.04000000e+02 
 1.80000000e+00  6.62188390e-01  1.00000000e+00  4.05000000e+02 
 1.80000000e+00  6.80555311e-01  1.00000000e+00  4.06000000e+02 
 1.80000000e+00  6.36126649e-01  1.00000000e+00  4.07000000e+02 
 1.80000000e+00  3.91180583e-01  1.00000000e+00  4.08000000e+02 
 1.80000000e+00  6.59165560e-01  1.00000000e+00  4.09000000e+02 
 1.80000000e+00  3.85247215e-01  1.00000000e+00  4.10000000e+02 
 1.80000000e+00  6.76180335e-01  1.00000000e+00  4.11000000e+02 
 1.80000000e+00  6.67288854e-01  1.00000000e+00  4.12000000e+02 
 1.80000000e+00  6.14927857e-01  1.00000000e+00  4.13000000e+02 
 1.80000000e+00  3.84230083e-01  1.00000000e+00  4.14000000e+02 
 1.80000000e+00  6.13076458e-01  1.00000000e+00  4.15000000e+02 
 1.80000000e+00  6.22012545e-01  1.00000000e+00  4.16000000e+02 
 1.80000000e+00  6.47020952e-01  1.00000000e+00  4.17000000e+02 
 1.80000000e+00  6.75896710e-01  1.00000000e+00  4.18000000e+02 
 1.80000000e+00  3.30101648e-01  1.00000000e+00  4.19000000e+02 
 1.80000000e+00  3.78629275e-01  1.00000000e+00  4.20000000e+02 
 1.80000000e+00  6.50261786e-01  1.00000000e+00  4.21000000e+02 
 1.80000000e+00  6.06982462e-01  1.00000000e+00  4.22000000e+02 
 1.80000000e+00  6.22313431e-01  1.00000000e+00  4.23000000e+02 
 1.80000000e+00  6.44306844e-01  1.00000000e+00  4.24000000e+02 
 1.80000000e+00  6.74125973e-01  1.00000000e+00  4.25000000e+02 
 1.80000000e+00  6.57405278e-01  1.00000000e+00  4.26000000e+02 
 1.80000000e+00  6.71470539e-01  1.00000000e+00  4.27000000e+02 
 1.80000000e+00  4.08850311e-01  1.00000000e+00  4.28000000e+02 
 1.80000000e+00  6.34255830e-01  1.00000000e+00  4.29000000e+02 
 1.80000000e+00  3.95844780e-01  1.00000000e+00  4.30000000e+02 
 1.80000000e+00  6.65693158e-01  1.00000000e+00  4.31000000e+02 
 1.80000000e+00  6.47224635e-01  1.00000000e+00  4.32000000e+02 
 1.80000000e+00  6.42427193e-01  1.00000000e+00  4.33000000e+02 
 1.80000000e+00  6.45606195e-01  1.00000000e+00  4.34000000e+02 
 1.80000000e+00  6.78970962e-01  1.00000000e+00  4.35000000e+02 
 1.80000000e+00  6.32674271e-01  1.00000000e+00  4.36000000e+02 
 1.80000000e+00  3.88654497e-01  1.00000000e+00  4.37000000e+02 
 1.80000000e+00  6.19411067e-01  1.00000000e+00  4.38000000e+02 
 1.80000000e+00  6.09568149e-01  1.00000000e+00  4.39000000e+02 
 1.80000000e+00  6.82701707e-01  1.00000000e+00  4.40000000e+02 
 1.80000000e+00  3.89225829e-01  1.00000000e+00  4.41000000e+02 
 1.80000000e+00  6.75790059e-01  1.00000000e+00  4.42000000e+02 
 1.80000000e+00  6.67353107e-01  1.00000000e+00  4.43000000e+02 
 1.80000000e+00  6.60948814e-01  1.00000000e+00  4.44000000e+02 
 1.80000000e+00  3.97608638e-01  1.00000000e+00  4.45000000e+02 
 1.80000000e+00  6.47412539e-01  1.00000000e+00  4.46000000e+02 
 1.80000000e+00  6.37913179e-01  1.00000000e+00  4.47000000e+02 
 1.80000000e+00  6.27211250e-01  1.00000000e+00  4.48000000e+02 
 1.80000000e+00  6.95381406e-01  1.00000000e+00  4.49000000e+02 
 1.80000000e+00  6.46307566e-01  1.00000000e+00  4.50000000e+02 
 1.80000000e+00  6.45605300e-01  1.00000000e+00  4.51000000e+02 
 1.80000000e+00  6.84291696e-01  1.00000000e+00  4.52000000e+02 
 1.80000000e+00  3.65728769e-01  1.00000000e+00  4.53000000e+02 
 1.80000000e+00  6.47471181e-01  1.00000000e+00  4.54000000e+02 
 1.80000000e+00  6.73023401e-01  1.00000000e+00  4.55000000e+02 
 1.80000000e+00  3.61308413e-01  1.00000000e+00  4.56000000e+02 
 1.80000000e+00  6.31617374e-01  1.00000000e+00  4.57000000e+02 
 1.80000000e+00  6.68619069e-01  1.00000000e+00  4.58000000e+02 
 1.80000000e+00  4.11712913e-01  1.00000000e+00  4.59000000e+02 
 1.80000000e+00  6.09363770e-01  1.00000000e+00  4.60000000e+02 
 1.80000000e+00  3.77301915e-01  1.00000000e+00  4.61000000e+02 
 1.80000000e+00  6.12008782e-01  1.00000000e+00  4.62000000e+02 
 1.80000000e+00  6.91361668e-01  1.00000000e+00  4.63000000e+02 
 1.80000000e+00  4.05354068e-01  1.00000000e+00  4.64000000e+02 
 1.80000000e+00  6.85696900e-01  1.00000000e+00  4.65000000e+02 
 1.80000000e+00  1.58084316e+00  1.00000000e+00  4.66000000e+02 
 1.80000000e+00  6.46952553e-01  1.00000000e+00  4.67000000e+02 
 1.80000000e+00  6.32876356e-01  1.00000000e+00  4.68000000e+02 
 1.80000000e+00  6.25777007e-01  1.00000000e+00  4.69000000e+02 
 1.80000000e+00  3.98082182e-01  1.00000000e+00  4.70000000e+02 
 1.80000000e+00  6.60792319e-01  1.00000000e+00  4.71000000e+02 
 1.80000000e+00  5.87659231e-01  1.00000000e+00  4.72000000e+02 
 1.80000000e+00  6.52152477e-01  1.00000000e+00  4.73000000e+02 
 1.80000000e+00  6.44105343e-01  1.00000000e+00  4.74000000e+02 
 1.80000000e+00  6.39975498e-01  1.00000000e+00  4.75000000e+02 
 1.80000000e+00  6.60621736e-01  1.00000000e+00  4.76000000e+02 
 1.80000000e+00  6.89470473e-01  1.00000000e+00  4.77000000e+02 
 1.80000000e+00  4.01846012e-01  1.00000000e+00  4.78000000e+02 
 1.80000000e+00  6.59742497e-01  1.00000000e+00  4.79000000e+02 
 1.80000000e+00  6.58387798e-01  1.00000000e+00  4.80000000e+02 
 1.80000000e+00  6.42903854e-01  1.00000000e+00  4.81000000e+02 
 1.80000000e+00  6.65582739e-01  1.00000000e+00  4.82000000e+02 
 1.80000000e+00  6.47421307e-01  1.00000000e+00  4.83000000e+02 
 1.80000000e+00  6.72951841e-01  1.00000000e+00  4.84000000e+02 
 1.80000000e+00  6.98840731e-01  1.00000000e+00  4.85000000e+02 
 1.80000000e+00  6.44797647e-01  1.00000000e+00  4.86000000e+02 
 1.80000000e+00  3.74782494e-01  1.00000000e+00  4.87000000e+02 
 1.80000000e+00  6.73358739e-01  1.00000000e+00  4.88000000e+02 
 1.80000000e+00  3.94232025e-01  1.00000000e+00  4.89000000e+02 
 1.80000000e+00 -8.44854116e+03  1.00000000e+00  4.90000000e+02 
 1.80000000e+00  5.98349462e-01  1.00000000e+00  4.91000000e+02 
 1.80000000e+00  4.04698549e-01  1.00000000e+00  4.92000000e+02 
 1.80000000e+00  6.54979236e-01  1.00000000e+00  4.93000000e+02 
 1.80000000e+00  3.85495344e-01  1.00000000e+00  4.94000000e+02 
 1.80000000e+00  6.61667449e-01  1.00000000e+00  4.95000000e+02 
 1.80000000e+00  6.53064446e-01  1.00000000e+00  4.96000000e+02 
 1.80000000e+00  6.25191691e-01  1.00000000e+00  4.97000000e+02 
 1.80000000e+00  6.61317056e-01  1.00000000e+00  4.98000000e+02 
 1.80000000e+00  4.02339016e-01  1.00000000e+00  4.99000000e+02 
 1.80000000e+00  3.91405313e-01  1.00000000e+00  5.00000000e+02 
 1.80000000e+00  6.38854106e-01  1.00000000e+00  5.01000000e+02 
 1.80000000e+00  6.51413196e-01  1.00000000e+00  5.02000000e+02 
 1.80000000e+00  6.42329383e-01  1.00000000e+00  5.03000000e+02 
 1.80000000e+00  7.01186214e-01  1.00000000e+00  5.04000000e+02 
 1.80000000e+00  3.68004620e-01  1.00000000e+00  5.05000000e+02 
 1.80000000e+00  6.35780981e-01  1.00000000e+00  5.06000000e+02 
 1.80000000e+00  6.59150371e-01  1.00000000e+00  5.07000000e+02 
 1.80000000e+00  6.52689790e-01  1.00000000e+00  5.08000000e+02 
 1.80000000e+00  6.26709756e-01  1.00000000e+00  5.09000000e+02 
 1.80000000e+00  6.17959505e-01  1.00000000e+00  5.10000000e+02 
 1.80000000e+00  3.90129414e-01  1.00000000e+00  5.11000000e+02 
 1.80000000e+00  6.53126500e-01  1.00000000e+00  5.12000000e+02 
 1.80000000e+00  6.13733763e-01  1.00000000e+00  5.13000000e+02 
 1.80000000e+00  6.57727192e-01  1.00000000e+00  5.14000000e+02 
 1.80000000e+00  6.45569568e-01  1.00000000e+00  5.15000000e+02 
 1.80000000e+00  6.47947848e-01  1.00000000e+00  5.16000000e+02 
 1.80000000e+00  6.35039790e-01  1.00000000e+00  5.17000000e+02 
 1.80000000e+00  6.23689709e-01  1.00000000e+00  5.18000000e+02 
 1.80000000e+00  3.94900060e-01  1.00000000e+00  5.19000000e+02 
 1.80000000e+00  6.93469197e-01  1.00000000e+00  5.20000000e+02 
 1.80000000e+00  3.82531980e-01  1.00000000e+00  5.21000000e+02 
 1.80000000e+00  3.70201187e-01  1.00000000e+00  5.22000000e+02 
 1.80000000e+00  6.58196661e-01  1.00000000e+00  5.23000000e+02 
 1.80000000e+00  6.51830469e-01  1.00000000e+00  5.24000000e+02 
 1.80000000e+00  6.54721212e-01  1.00000000e+00  5.25000000e+02 
 1.80000000e+00  6.44887545e-01  1.00000000e+00  5.26000000e+02 
 1.80000000e+00  6.35358261e-01  1.00000000e+00  5.27000000e+02 
 1.80000000e+00  6.58960850e-01  1.00000000e+00  5.28000000e+02 
 1.80000000e+00  6.54177166e-01  1.00000000e+00  5.29000000e+02 
 1.80000000e+00  3.87910638e-01  1.00000000e+00  5.30000000e+02 
 1.80000000e+00  6.84595585e-01  1.00000000e+00  5.31000000e+02 
 1.80000000e+00  6.71638431e-01  1.00000000e+00  5.32000000e+02 
 1.80000000e+00  6.66117564e-01  1.00000000e+00  5.33000000e+02 
 1.80000000e+00  6.50388102e-01  1.00000000e+00  5.34000000e+02 
 1.80000000e+00  3.83009380e-01  1.00000000e+00  5.35000000e+02 
 1.80000000e+00  3.64460624e-01  1.00000000e+00  5.36000000e+02 
 1.80000000e+00  1.59174053e+00  1.00000000e+00  5.37000000e+02 
 1.80000000e+00  6.58136716e-01  1.00000000e+00  5.38000000e+02 
 1.80000000e+00  6.58928264e-01  1.00000000e+00  5.39000000e+02 
 1.80000000e+00  6.55971425e-01  1.00000000e+00  5.40000000e+02 
 1.80000000e+00  6.85613863e-01  1.00000000e+00  5.41000000e+02 
 1.80000000e+00  6.80040878e-01  1.00000000e+00  5.42000000e+02 
 1.80000000e+00  6.32563654e-01  1.00000000e+00  5.43000000e+02 
 1.80000000e+00  6.61196010e-01  1.00000000e+00  5.44000000e+02 
 1.80000000e+00  3.78695139e-01  1.00000000e+00  5.45000000e+02 
 1.80000000e+00  6.52079786e-01  1.00000000e+00  5.46000000e+02 
 1.80000000e+00  6.47382719e-01  1.00000000e+00  5.47000000e+02 
 1.80000000e+00  4.01850814e-01  1.00000000e+00  5.48000000e+02 
 1.80000000e+00  6.44520519e-01  1.00000000e+00  5.49000000e+02 
 1.80000000e+00  6.68450622e-01  1.00000000e+00  5.50000000e+02 
 1.80000000e+00  6.66127122e-01  1.00000000e+00  5.51000000e+02 
 1.80000000e+00  6.21710256e-01  1.00000000e+00  5.52000000e+02 
 1.80000000e+00  7.04095150e-01  1.00000000e+00  5.53000000e+02 
 1.80000000e+00  6.61798672e-01  1.00000000e+00  5.54000000e+02 
 1.80000000e+00  6.38347177e-01  1.00000000e+00  5.55000000e+02 
 1.80000000e+00  6.54449972e-01  1.00000000e+00  5.56000000e+02 
 1.80000000e+00  6.26820715e-01  1.00000000e+00  5.57000000e+02 
 1.80000000e+00  1.59087419e+00  1.00000000e+00  5.58000000e+02 
 1.80000000e+00  6.64267920e-01  1.00000000e+00  5.59000000e+02 
 1.80000000e+00  3.96833456e-01  1.00000000e+00  5.60000000e+02 
 1.80000000e+00  6.63905767e-01  1.00000000e+00  5.61000000e+02 
 1.80000000e+00  6.75080184e-01  1.00000000e+00  5.62000000e+02 
 1.80000000e+00  4.00752214e-01  1.00000000e+00  5.63000000e+02 
 1.80000000e+00  6.19195452e-01  1.00000000e+00  5.64000000e+02 
 1.80000000e+00  1.58830963e+00  1.00000000e+00  5.65000000e+02 
 1.80000000e+00  6.74850660e-01  1.00000000e+00  5.66000000e+02 
 1.80000000e+00  6.18296724e-01  1.00000000e+00  5.67000000e+02 
 1.80000000e+00  3.95983780e-01  1.00000000e+00  5.68000000e+02 
 1.80000000e+00  3.81365525e-01  1.00000000e+00  5.69000000e+02 
 1.80000000e+00  3.65242247e-01  1.00000000e+00  5.70000000e+02 
 1.80000000e+00  6.23809668e-01  1.00000000e+00  5.71000000e+02 
 1.80000000e+00  7.08035083e-01  1.00000000e+00  5.72000000e+02 
 1.80000000e+00  1.30254764e-06  1.00000000e+00  5.73000000e+02 
 1.80000000e+00  3.85764894e-01  1.00000000e+00  5.74000000e+02 
 1.80000000e+00  5.88314791e-01  1.00000000e+00  5.75000000e+02 
 1.80000000e+00  6.29978551e-01  1.00000000e+00  5.76000000e+02 
 1.80000000e+00  6.45207182e-01  1.00000000e+00  5.77000000e+02 
 1.80000000e+00  4.14608673e-01  1.00000000e+00  5.78000000e+02 
 1.80000000e+00  6.65254432e-01  1.00000000e+00  5.79000000e+02 
 1.80000000e+00  6.11767744e-01  1.00000000e+00  5.80000000e+02 
 1.80000000e+00  6.37543495e-01  1.00000000e+00  5.81000000e+02 
 1.80000000e+00  6.43719430e-01  1.00000000e+00  5.82000000e+02 
 1.80000000e+00  6.41081709e-01  1.00000000e+00  5.83000000e+02 
 1.80000000e+00  6.32033972e-01  1.00000000e+00  5.84000000e+02 
 1.80000000e+00  6.23630409e-01  1.00000000e+00  5.85000000e+02 
 1.80000000e+00  6.56057054e-01  1.00000000e+00  5.86000000e+02 
 1.80000000e+00  3.86347561e-01  1.00000000e+00  5.87000000e+02 
 1.80000000e+00  6.59789152e-01  1.00000000e+00  5.88000000e+02 
 1.80000000e+00  3.78911865e-01  1.00000000e+00  5.89000000e+02 
 1.80000000e+00  3.83367320e-01  1.00000000e+00  5.90000000e+02 
 1.80000000e+00  6.62264611e-01  1.00000000e+00  5.91000000e+02 
 1.80000000e+00  6.14416012e-01  1.00000000e+00  5.92000000e+02 
 1.80000000e+00  6.29854965e-01  1.00000000e+00  5.93000000e+02 
 1.80000000e+00  7.13514584e-01  1.00000000e+00  5.94000000e+02 
 1.80000000e+00  6.82291065e-01  1.00000000e+00  5.95000000e+02 
 1.80000000e+00  4.06813916e-01  1.00000000e+00  5.96000000e+02 
 1.80000000e+00  6.83175375e-01  1.00000000e+00  5.97000000e+02 
 1.80000000e+00  6.24270694e-01  1.00000000e+00  5.98000000e+02 
 1.80000000e+00  6.54784622e-01  1.00000000e+00  5.99000000e+02 
 1.80000000e+00  6.37768158e-01  1.00000000e+00  6.00000000e+02 
 1.80000000e+00  6.52369850e-01  1.00000000e+00  6.01000000e+02 
 1.80000000e+00  6.44076429e-01  1.00000000e+00  6.02000000e+02 
 1.80000000e+00  6.52563220e-01  1.00000000e+00  6.03000000e+02 
 1.80000000e+00  6.48869899e-01  1.00000000e+00  6.04000000e+02 
 1.80000000e+00  1.92384979e-01  1.00000000e+00  6.05000000e+02 
 1.80000000e+00  6.73554579e-01  1.00000000e+00  6.06000000e+02 
 1.80000000e+00  6.53813697e-01  1.00000000e+00  6.07000000e+02 
 1.80000000e+00  6.67900509e-01  1.00000000e+00  6.08000000e+02 
 1.80000000e+00  6.81506437e-01  1.00000000e+00  6.09000000e+02 
 1.80000000e+00  6.25478218e-01  1.00000000e+00  6.10000000e+02 
 1.80000000e+00  6.12683674e-01  1.00000000e+00  6.11000000e+02 
 1.80000000e+00  6.59956794e-01  1.00000000e+00  6.12000000e+02 
 1.80000000e+00  6.46817052e-01  1.00000000e+00  6.13000000e+02 
 1.80000000e+00  6.42533705e-01  1.00000000e+00  6.14000000e+02 
 1.80000000e+00  6.46191464e-01  1.00000000e+00  6.15000000e+02 
 1.80000000e+00  6.28766616e-01  1.00000000e+00  6.16000000e+02 
 1.80000000e+00  5.95908691e-01  1.00000000e+00  6.17000000e+02 
 1.80000000e+00  6.45878854e-01  1.00000000e+00  6.18000000e+02 
 1.80000000e+00  6.85970461e-01  1.00000000e+00  6.19000000e+02 
 1.80000000e+00  3.89640478e-01  1.00000000e+00  6.20000000e+02 
 1.80000000e+00  6.69957436e-01  1.00000000e+00  6.21000000e+02 
 1.80000000e+00  6.79142954e-01  1.00000000e+00  6.22000000e+02 
 1.80000000e+00  6.67475862e-01  1.00000000e+00  6.23000000e+02 
 1.80000000e+00  6.63731716e-01  1.00000000e+00  6.24000000e+02 
 1.80000000e+00  6.37162975e-01  1.00000000e+00  6.25000000e+02 
 1.80000000e+00  6.76467106e-01  1.00000000e+00  6.26000000e+02 
 1.80000000e+00  6.69803834e-01  1.00000000e+00  6.27000000e+02 
 1.80000000e+00  3.91580396e-01  1.00000000e+00  6.28000000e+02 
 1.80000000e+00  6.32509266e-01  1.00000000e+00  6.29000000e+02 
 1.80000000e+00  6.72692882e-01  1.00000000e+00  6.30000000e+02 
 1.80000000e+00  6.49817158e-01  1.00000000e+00  6.31000000e+02 
 1.80000000e+00  3.86293691e-01  1.00000000e+00  6.32000000e+02 
 1.80000000e+00  6.43564660e-01  1.00000000e+00  6.33000000e+02 
 1.80000000e+00  6.60678835e-01  1.00000000e+00  6.34000000e+02 
 1.80000000e+00  4.09848398e-01  1.00000000e+00  6.35000000e+02 
 1.80000000e+00  3.65281813e-01  1.00000000e+00  6.36000000e+02 
 1.80000000e+00  3.91692843e-01  1.00000000e+00  6.37000000e+02 
 1.80000000e+00  3.95583004e-01  1.00000000e+00  6.38000000e+02 
 1.80000000e+00  6.41587335e-01  1.00000000e+00  6.39000000e+02 
 1.80000000e+00  6.60966160e-01  1.00000000e+00  6.40000000e+02 
 1.80000000e+00  6.01130101e-01  1.00000000e+00  6.41000000e+02 
 1.80000000e+00  6.55042675e-01  1.00000000e+00  6.42000000e+02 
 1.80000000e+00  6.37544669e-01  1.00000000e+00  6.43000000e+02 
 1.80000000e+00  6.66456797e-01  1.00000000e+00  6.44000000e+02 
 1.80000000e+00  6.78592168e-01  1.00000000e+00  6.45000000e+02 
 1.80000000e+00  6.61089391e-01  1.00000000e+00  6.46000000e+02 
 1.80000000e+00  6.45757679e-01  1.00000000e+00  6.47000000e+02 
 1.80000000e+00  3.91107466e-01  1.00000000e+00  6.48000000e+02 
 1.80000000e+00  6.17393916e-01  1.00000000e+00  6.49000000e+02 
 1.80000000e+00  6.70410400e-01  1.00000000e+00  6.50000000e+02 
 1.80000000e+00  6.59782331e-01  1.00000000e+00  6.51000000e+02 
 1.80000000e+00  3.66345425e-01  1.00000000e+00  6.52000000e+02 
 1.80000000e+00  6.48514486e-01  1.00000000e+00  6.53000000e+02 
 1.80000000e+00  4.02951365e-01  1.00000000e+00  6.54000000e+02 
 1.80000000e+00  6.71594939e-01  1.00000000e+00  6.55000000e+02 
 1.80000000e+00  6.56477821e-01  1.00000000e+00  6.56000000e+02 
 1.80000000e+00  6.69638180e-01  1.00000000e+00  6.57000000e+02 
 1.80000000e+00  6.85227342e-01  1.00000000e+00  6.58000000e+02 
 1.80000000e+00  6.85630876e-01  1.00000000e+00  6.59000000e+02 
 1.80000000e+00  6.76911972e-01  1.00000000e+00  6.60000000e+02 
 1.80000000e+00  6.29262139e-01  1.00000000e+00  6.61000000e+02 
 1.80000000e+00  6.76586877e-01  1.00000000e+00  6.62000000e+02 
 1.80000000e+00  6.34885003e-01  1.00000000e+00  6.63000000e+02 
 1.80000000e+00  6.54559343e-01  1.00000000e+00  6.64000000e+02 
 1.80000000e+00  6.71922498e-01  1.00000000e+00  6.65000000e+02 
 1.80000000e+00  6.50975150e-01  1.00000000e+00  6.66000000e+02 
 1.80000000e+00  6.81881120e-01  1.00000000e+00  6.67000000e+02 
 1.80000000e+00  6.66747595e-01  1.00000000e+00  6.68000000e+02 
 1.80000000e+00  6.26675467e-01  1.00000000e+00  6.69000000e+02 
 1.80000000e+00  6.63200246e-01  1.00000000e+00  6.70000000e+02 
 1.80000000e+00  6.70882287e-01  1.00000000e+00  6.71000000e+02 
 1.80000000e+00  6.03413342e-01  1.00000000e+00  6.72000000e+02 
 1.80000000e+00  6.74861891e-01  1.00000000e+00  6.73000000e+02 
 1.80000000e+00  6.62306889e-01  1.00000000e+00  6.74000000e+02 
 1.80000000e+00  6.63237092e-01  1.00000000e+00  6.75000000e+02 
 1.80000000e+00  2.03838462e-01  1.00000000e+00  6.76000000e+02 
 1.80000000e+00  6.41068438e-01  1.00000000e+00  6.77000000e+02 
 1.80000000e+00  6.53414260e-01  1.00000000e+00  6.78000000e+02 
 1.80000000e+00  1.58954536e+00  1.00000000e+00  6.79000000e+02 
 1.80000000e+00  6.37988424e-01  1.00000000e+00  6.80000000e+02 
 1.80000000e+00  6.56622265e-01  1.00000000e+00  6.81000000e+02 
 1.80000000e+00  6.90492756e-01  1.00000000e+00  6.82000000e+02 
 1.80000000e+00  6.52798150e-01  1.00000000e+00  6.83000000e+02 
 1.80000000e+00  6.67696002e-01  1.00000000e+00  6.84000000e+02 
 1.80000000e+00  6.79978765e-01  1.00000000e+00  6.85000000e+02 
 1.80000000e+00  6.84661690e-01  1.00000000e+00  6.86000000e+02 
 1.80000000e+00  6.70624326e-01  1.00000000e+00  6.87000000e+02 
 1.80000000e+00  6.55568939e-01  1.00000000e+00  6.88000000e+02 
 1.80000000e+00  6.46365743e-01  1.00000000e+00  6.89000000e+02 
 1.80000000e+00  6.82752459e-01  1.00000000e+00  6.90000000e+02 
 1.80000000e+00  6.46136173e-01  1.00000000e+00  6.91000000e+02 
 1.80000000e+00  6.69660075e-01  1.00000000e+00  6.92000000e+02 
 1.80000000e+00  6.09180996e-01  1.00000000e+00  6.93000000e+02 
 1.80000000e+00  6.27782992e-01  1.00000000e+00  6.94000000e+02 
 1.80000000e+00  6.64825660e-01  1.00000000e+00  6.95000000e+02 
 1.80000000e+00  6.54422628e-01  1.00000000e+00  6.96000000e+02 
 1.80000000e+00  6.38111366e-01  1.00000000e+00  6.97000000e+02 
 1.80000000e+00  6.52502840e-01  1.00000000e+00  6.98000000e+02 
 1.80000000e+00  6.46020459e-01  1.00000000e+00  6.99000000e+02 
 1.80000000e+00  6.32931855e-01  1.00000000e+00  7.00000000e+02 
 1.80000000e+00  6.77816146e-01  1.00000000e+00  7.01000000e+02 
 1.80000000e+00  6.67967060e-01  1.00000000e+00  7.02000000e+02 
 1.80000000e+00  3.89989281e-01  1.00000000e+00  7.03000000e+02 
 1.80000000e+00  6.43680192e-01  1.00000000e+00  7.04000000e+02 
 1.80000000e+00  6.31492257e-01  1.00000000e+00  7.05000000e+02 
 1.80000000e+00  6.92282559e-01  1.00000000e+00  7.06000000e+02 
 1.80000000e+00  6.79180019e+00  1.00000000e+00  7.07000000e+02 
 1.80000000e+00  6.67775557e-01  1.00000000e+00  7.08000000e+02 
 1.80000000e+00  6.52522472e-01  1.00000000e+00  7.09000000e+02 
 1.80000000e+00  3.89836361e-01  1.00000000e+00  7.10000000e+02 
 1.80000000e+00  3.98253105e-01  1.00000000e+00  7.11000000e+02 
 1.80000000e+00  6.72104886e-01  1.00000000e+00  7.12000000e+02 
 1.80000000e+00  6.74743372e-01  1.00000000e+00  7.13000000e+02 
 1.80000000e+00  6.65185377e-01  1.00000000e+00  7.14000000e+02 
 1.80000000e+00  6.78486588e-01  1.00000000e+00  7.15000000e+02 
 1.80000000e+00  6.45417787e-01  1.00000000e+00  7.16000000e+02 
 1.80000000e+00  6.39289505e-01  1.00000000e+00  7.17000000e+02 
 1.80000000e+00  6.62043219e-01  1.00000000e+00  7.18000000e+02 
 1.80000000e+00  4.20761710e-01  1.00000000e+00  7.19000000e+02 
 1.80000000e+00  3.83667434e-01  1.00000000e+00  7.20000000e+02 
 1.80000000e+00  6.49719794e-01  1.00000000e+00  7.21000000e+02 
 1.80000000e+00  6.22795985e-01  1.00000000e+00  7.22000000e+02 
 1.80000000e+00  4.03131389e-01  1.00000000e+00  7.23000000e+02 
 1.80000000e+00  6.24973444e-01  1.00000000e+00  7.24000000e+02 
 1.80000000e+00  6.63097660e-01  1.00000000e+00  7.25000000e+02 
 1.80000000e+00  6.08014670e-01  1.00000000e+00  7.26000000e+02 
 1.80000000e+00  6.73338313e-01  1.00000000e+00  7.27000000e+02 
 1.80000000e+00  6.66387209e-01  1.00000000e+00  7.28000000e+02 
 1.80000000e+00  6.64774795e-01  1.00000000e+00  7.29000000e+02 
 1.80000000e+00  5.97998212e-01  1.00000000e+00  7.30000000e+02 
 1.80000000e+00  1.58803266e+00  1.00000000e+00  7.31000000e+02 
 1.80000000e+00  6.38785847e-01  1.00000000e+00  7.32000000e+02 
 1.80000000e+00  6.41201718e-01  1.00000000e+00  7.33000000e+02 
 1.80000000e+00  6.74528448e-01  1.00000000e+00  7.34000000e+02 
 1.80000000e+00  6.79815309e-01  1.00000000e+00  7.35000000e+02 
 1.80000000e+00  6.10029142e-01  1.00000000e+00  7.36000000e+02 
 1.80000000e+00  6.41482900e-01  1.00000000e+00  7.37000000e+02 
 1.80000000e+00  6.44716499e-01  1.00000000e+00  7.38000000e+02 
 1.80000000e+00  4.07517356e-01  1.00000000e+00  7.39000000e+02 
 1.80000000e+00  6.73193019e-01  1.00000000e+00  7.40000000e+02 
 1.80000000e+00  6.93436868e-01  1.00000000e+00  7.41000000e+02 
 1.80000000e+00  6.56534527e-01  1.00000000e+00  7.42000000e+02 
 1.80000000e+00  6.70824864e-01  1.00000000e+00  7.43000000e+02 
 1.80000000e+00  6.56493499e-01  1.00000000e+00  7.44000000e+02 
 1.80000000e+00  6.67813138e-01  1.00000000e+00  7.45000000e+02 
 1.80000000e+00  6.94333802e-01  1.00000000e+00  7.46000000e+02 
 1.80000000e+00  6.56223786e-01  1.00000000e+00  7.47000000e+02 
 1.80000000e+00  6.63013203e-01  1.00000000e+00  7.48000000e+02 
 1.80000000e+00  6.08108717e-01  1.00000000e+00  7.49000000e+02 
 1.80000000e+00  6.48959325e-01  1.00000000e+00  7.50000000e+02 
 1.80000000e+00  6.44614267e-01  1.00000000e+00  7.51000000e+02 
 1.80000000e+00  6.66333822e-01  1.00000000e+00  7.52000000e+02 
 1.80000000e+00  6.66357836e-01  1.00000000e+00  7.53000000e+02 
 1.80000000e+00  6.61485024e-01  1.00000000e+00  7.54000000e+02 
 1.80000000e+00  6.52586859e-01  1.00000000e+00  7.55000000e+02 
 1.80000000e+00  6.02386630e-01  1.00000000e+00  7.56000000e+02 
 1.80000000e+00  1.59359991e+00  1.00000000e+00  7.57000000e+02 
 1.80000000e+00  3.87341666e-01  1.00000000e+00  7.58000000e+02 
 1.80000000e+00  3.87644772e-01  1.00000000e+00  7.59000000e+02 
 1.80000000e+00  3.90701865e-01  1.00000000e+00  7.60000000e+02 
 1.80000000e+00  6.72197672e-01  1.00000000e+00  7.61000000e+02 
 1.80000000e+00  6.36091517e-01  1.00000000e+00  7.62000000e+02 
 1.80000000e+00  4.02600075e-01  1.00000000e+00  7.63000000e+02 
 1.80000000e+00  6.41313896e-01  1.00000000e+00  7.64000000e+02 
 1.80000000e+00  6.62585099e-01  1.00000000e+00  7.65000000e+02 
 1.80000000e+00  3.75336660e-01  1.00000000e+00  7.66000000e+02 
 1.80000000e+00  6.66639911e-01  1.00000000e+00  7.67000000e+02 
 1.80000000e+00  6.87691254e-01  1.00000000e+00  7.68000000e+02 
 1.80000000e+00  6.37187265e-01  1.00000000e+00  7.69000000e+02 
 1.80000000e+00  6.68555621e-01  1.00000000e+00  7.70000000e+02 
 1.80000000e+00  5.98593972e-01  1.00000000e+00  7.71000000e+02 
 1.80000000e+00  6.63768893e-01  1.00000000e+00  7.72000000e+02 
 1.80000000e+00  6.54032397e-01  1.00000000e+00  7.73000000e+02 
 1.80000000e+00  6.46613139e-01  1.00000000e+00  7.74000000e+02 
 1.80000000e+00  6.98774960e-01  1.00000000e+00  7.75000000e+02 
 1.80000000e+00  6.59273768e-01  1.00000000e+00  7.76000000e+02 
 1.80000000e+00  6.46148286e-01  1.00000000e+00  7.77000000e+02 
 1.80000000e+00  6.57154072e-01  1.00000000e+00  7.78000000e+02 
 1.80000000e+00  6.11583367e-01  1.00000000e+00  7.79000000e+02 
 1.80000000e+00  6.14451742e-01  1.00000000e+00  7.80000000e+02 
 1.80000000e+00  6.46808255e-01  1.00000000e+00  7.81000000e+02 
 1.80000000e+00  6.61188430e-01  1.00000000e+00  7.82000000e+02 
 1.80000000e+00  6.29415161e-01  1.00000000e+00  7.83000000e+02 
 1.80000000e+00  3.88537574e-01  1.00000000e+00  7.84000000e+02 
 1.80000000e+00  3.91708020e-01  1.00000000e+00  7.85000000e+02 
 1.80000000e+00  6.65555966e-01  1.00000000e+00  7.86000000e+02 
 1.80000000e+00  6.15373731e-01  1.00000000e+00  7.87000000e+02 
 1.80000000e+00  6.44179706e-01  1.00000000e+00  7.88000000e+02 
 1.80000000e+00  6.69401980e-01  1.00000000e+00  7.89000000e+02 
 1.80000000e+00  6.17880194e-01  1.00000000e+00  7.90000000e+02 
 1.80000000e+00  6.25300896e-01  1.00000000e+00  7.91000000e+02 
 1.80000000e+00  6.13303952e-01  1.00000000e+00  7.92000000e+02 
 1.80000000e+00  6.60059282e-01  1.00000000e+00  7.93000000e+02 
 1.80000000e+00  3.98580500e-01  1.00000000e+00  7.94000000e+02 
 1.80000000e+00  6.79426826e-01  1.00000000e+00  7.95000000e+02 
 1.80000000e+00  6.48391374e-01  1.00000000e+00  7.96000000e+02 
 1.80000000e+00  6.61199846e-01  1.00000000e+00  7.97000000e+02 
 1.80000000e+00  6.64365160e-01  1.00000000e+00  7.98000000e+02 
 1.80000000e+00  6.49725740e-01  1.00000000e+00  7.99000000e+02 
 1.80000000e+00  3.85417970e-01  1.00000000e+00  8.00000000e+02 
 1.80000000e+00  6.58662262e-01  1.00000000e+00  8.01000000e+02 
 1.80000000e+00  3.71763466e-01  1.00000000e+00  8.02000000e+02 
 1.80000000e+00  6.31237405e-01  1.00000000e+00  8.03000000e+02 
 1.80000000e+00  3.91336501e-01  1.00000000e+00  8.04000000e+02 
 1.80000000e+00  3.85421005e-01  1.00000000e+00  8.05000000e+02 
 1.80000000e+00  6.57569920e-01  1.00000000e+00  8.06000000e+02 
 1.80000000e+00  6.57090950e-01  1.00000000e+00  8.07000000e+02 
 1.80000000e+00  3.68312278e-01  1.00000000e+00  8.08000000e+02 
 1.80000000e+00  1.30254572e-06  1.00000000e+00  8.09000000e+02 
 1.80000000e+00  6.13797746e-01  1.00000000e+00  8.10000000e+02 
 1.80000000e+00  6.23823906e-01  1.00000000e+00  8.11000000e+02 
 1.80000000e+00  6.59680200e-01  1.00000000e+00  8.12000000e+02 
 1.80000000e+00  6.58174847e-01  1.00000000e+00  8.13000000e+02 
 1.80000000e+00  6.73577394e-01  1.00000000e+00  8.14000000e+02 
 1.80000000e+00  1.00209010e-01  1.00000000e+00  8.15000000e+02 
 1.80000000e+00  6.46467933e-01  1.00000000e+00  8.16000000e+02 
 1.80000000e+00  6.23528630e-01  1.00000000e+00  8.17000000e+02 
 1.80000000e+00  6.92882796e-01  1.00000000e+00  8.18000000e+02 
 1.80000000e+00  6.84933035e-01  1.00000000e+00  8.19000000e+02 
 1.80000000e+00  6.44105643e-01  1.00000000e+00  8.20000000e+02 
 1.80000000e+00  5.98423045e-01  1.00000000e+00  8.21000000e+02 
 1.80000000e+00  6.58947095e-01  1.00000000e+00  8.22000000e+02 
 1.80000000e+00  6.45758333e-01  1.00000000e+00  8.23000000e+02 
 1.80000000e+00  6.08335752e-01  1.00000000e+00  8.24000000e+02 
 1.80000000e+00  6.75895584e-01  1.00000000e+00  8.25000000e+02 
 1.80000000e+00  6.56647156e-01  1.00000000e+00  8.26000000e+02 
 1.80000000e+00  6.49353953e-01  1.00000000e+00  8.27000000e+02 
 1.80000000e+00  6.40817336e-01  1.00000000e+00  8.28000000e+02 
 1.80000000e+00  6.25750412e-01  1.00000000e+00  8.29000000e+02 
 1.80000000e+00  6.62658521e-01  1.00000000e+00  8.30000000e+02 
 1.80000000e+00  6.52844927e-01  1.00000000e+00  8.31000000e+02 
 1.80000000e+00  6.94540830e-01  1.00000000e+00  8.32000000e+02 
 1.80000000e+00  6.93268002e-01  1.00000000e+00  8.33000000e+02 
 1.80000000e+00  3.90701847e-01  1.00000000e+00  8.34000000e+02 
 1.80000000e+00  6.51895263e-01  1.00000000e+00  8.35000000e+02 
 1.80000000e+00  6.66306037e-01  1.00000000e+00  8.36000000e+02 
 1.80000000e+00  6.56120660e-01  1.00000000e+00  8.37000000e+02 
 1.80000000e+00  6.28730300e-01  1.00000000e+00  8.38000000e+02 
 1.80000000e+00  6.37990606e-01  1.00000000e+00  8.39000000e+02 
 1.80000000e+00  6.67088755e-01  1.00000000e+00  8.40000000e+02 
 1.80000000e+00  6.24941222e-01  1.00000000e+00  8.41000000e+02 
 1.80000000e+00  6.91086879e-01  1.00000000e+00  8.42000000e+02 
 1.80000000e+00  6.76669176e-01  1.00000000e+00  8.43000000e+02 
 1.80000000e+00  6.53251931e-01  1.00000000e+00  8.44000000e+02 
 1.80000000e+00  1.58789641e+00  1.00000000e+00  8.45000000e+02 
 1.80000000e+00  6.76061137e-01  1.00000000e+00  8.46000000e+02 
 1.80000000e+00  4.01718175e-01  1.00000000e+00  8.47000000e+02 
 1.80000000e+00  6.72655633e-01  1.00000000e+00  8.48000000e+02 
 1.80000000e+00  6.61657191e-01  1.00000000e+00  8.49000000e+02 
 1.80000000e+00  3.53194145e-01  1.00000000e+00  8.50000000e+02 
 1.80000000e+00  6.58915007e-01  1.00000000e+00  8.51000000e+02 
 1.80000000e+00  3.97427322e-01  1.00000000e+00  8.52000000e+02 
 1.80000000e+00  6.62550602e-01  1.00000000e+00  8.53000000e+02 
 1.80000000e+00  6.44998702e-01  1.00000000e+00  8.54000000e+02 
 1.80000000e+00  6.52860613e-01  1.00000000e+00  8.55000000e+02 
 1.80000000e+00  6.82147825e-01  1.00000000e+00  8.56000000e+02 
 1.80000000e+00  3.93582000e-01  1.00000000e+00  8.57000000e+02 
 1.80000000e+00  6.42757929e-01  1.00000000e+00  8.58000000e+02 
 1.80000000e+00  6.20525375e-01  1.00000000e+00  8.59000000e+02 
 1.80000000e+00  6.49816597e-01  1.00000000e+00  8.60000000e+02 
 1.80000000e+00  3.89181755e-01  1.00000000e+00  8.61000000e+02 
 1.80000000e+00  6.61601280e-01  1.00000000e+00  8.62000000e+02 
 1.80000000e+00  6.73550107e-01  1.00000000e+00  8.63000000e+02 
 1.80000000e+00  3.68200566e-01  1.00000000e+00  8.64000000e+02 
 1.80000000e+00  6.68576370e-01  1.00000000e+00  8.65000000e+02 
 1.80000000e+00  6.29938907e-01  1.00000000e+00  8.66000000e+02 
 1.80000000e+00  6.18829779e-01  1.00000000e+00  8.67000000e+02 
 1.80000000e+00  6.12281575e-01  1.00000000e+00  8.68000000e+02 
 1.80000000e+00  2.11584418e-01  1.00000000e+00  8.69000000e+02 
 1.80000000e+00  6.31887287e-01  1.00000000e+00  8.70000000e+02 
 1.80000000e+00  3.91458454e-01  1.00000000e+00  8.71000000e+02 
 1.80000000e+00  6.53391602e-01  1.00000000e+00  8.72000000e+02 
 1.80000000e+00  6.61736200e-01  1.00000000e+00  8.73000000e+02 
 1.80000000e+00  6.64679595e-01  1.00000000e+00  8.74000000e+02 
 1.80000000e+00  4.00210239e-01  1.00000000e+00  8.75000000e+02 
 1.80000000e+00  6.63287560e-01  1.00000000e+00  8.76000000e+02 
 1.80000000e+00  6.72603996e-01  1.00000000e+00  8.77000000e+02 
 1.80000000e+00  3.73379425e-01  1.00000000e+00  8.78000000e+02 
 1.80000000e+00  2.00556535e-01  1.00000000e+00  8.79000000e+02 
 1.80000000e+00  6.79719129e-01  1.00000000e+00  8.80000000e+02 
 1.80000000e+00  6.92127948e-01  1.00000000e+00  8.81000000e+02 
 1.80000000e+00  3.66365894e-01  1.00000000e+00  8.82000000e+02 
 1.80000000e+00  6.02745920e-01  1.00000000e+00  8.83000000e+02 
 1.80000000e+00  6.55597874e-01  1.00000000e+00  8.84000000e+02 
 1.80000000e+00  6.79198507e-01  1.00000000e+00  8.85000000e+02 
 1.80000000e+00  6.65541786e-01  1.00000000e+00  8.86000000e+02 
 1.80000000e+00  6.74023639e-01  1.00000000e+00  8.87000000e+02 
 1.80000000e+00  6.62437036e-01  1.00000000e+00  8.88000000e+02 
 1.80000000e+00  6.88800501e-01  1.00000000e+00  8.89000000e+02 
 1.80000000e+00  6.45779676e-01  1.00000000e+00  8.90000000e+02 
 1.80000000e+00  6.41931816e-01  1.00000000e+00  8.91000000e+02 
 1.80000000e+00  6.67940804e-01  1.00000000e+00  8.92000000e+02 
 1.80000000e+00  6.69065464e-01  1.00000000e+00  8.93000000e+02 
 1.80000000e+00  6.74892074e-01  1.00000000e+00  8.94000000e+02 
 1.80000000e+00  7.03076258e-01  1.00000000e+00  8.95000000e+02 
 1.80000000e+00  6.47332015e-01  1.00000000e+00  8.96000000e+02 
 1.80000000e+00  6.21799577e-01  1.00000000e+00  8.97000000e+02 
 1.80000000e+00  6.44454833e-01  1.00000000e+00  8.98000000e+02 
 1.80000000e+00  6.85836490e-01  1.00000000e+00  8.99000000e+02 
 1.80000000e+00  6.28072643e-01  1.00000000e+00  9.00000000e+02 
 1.80000000e+00  6.58104289e-01  1.00000000e+00  9.01000000e+02 
 1.80000000e+00  6.76742423e-01  1.00000000e+00  9.02000000e+02 
 1.80000000e+00  6.47385004e-01  1.00000000e+00  9.03000000e+02 
 1.80000000e+00  6.64552047e-01  1.00000000e+00  9.04000000e+02 
 1.80000000e+00  6.47717770e-01  1.00000000e+00  9.05000000e+02 
 1.80000000e+00  7.01508136e-01  1.00000000e+00  9.06000000e+02 
 1.80000000e+00  6.68724095e-01  1.00000000e+00  9.07000000e+02 
 1.80000000e+00  6.60847913e-01  1.00000000e+00  9.08000000e+02 
 1.80000000e+00  6.20107616e-01  1.00000000e+00  9.09000000e+02 
 1.80000000e+00  6.49339037e-01  1.00000000e+00  9.10000000e+02 
 1.80000000e+00  6.21919581e-01  1.00000000e+00  9.11000000e+02 
 1.80000000e+00  6.60589369e-01  1.00000000e+00  9.12000000e+02 
 1.80000000e+00  6.51490077e-01  1.00000000e+00  9.13000000e+02 
 1.80000000e+00  6.42996614e-01  1.00000000e+00  9.14000000e+02 
 1.80000000e+00  6.41136917e-01  1.00000000e+00  9.15000000e+02 
 1.80000000e+00  6.52636445e-01  1.00000000e+00  9.16000000e+02 
 1.80000000e+00  6.08216523e-01  1.00000000e+00  9.17000000e+02 
 1.80000000e+00  6.28448333e-01  1.00000000e+00  9.18000000e+02 
 1.80000000e+00  6.87489852e-01  1.00000000e+00  9.19000000e+02 
 1.80000000e+00  6.62786734e-01  1.00000000e+00  9.20000000e+02 
 1.80000000e+00  3.71743754e-01  1.00000000e+00  9.21000000e+02 
 1.80000000e+00  6.21095041e-01  1.00000000e+00  9.22000000e+02 
 1.80000000e+00  6.73844176e-01  1.00000000e+00  9.23000000e+02 
 1.80000000e+00  6.79414465e-01  1.00000000e+00  9.24000000e+02 
 1.80000000e+00  6.59643617e-01  1.00000000e+00  9.25000000e+02 
 1.80000000e+00  1.58851949e+00  1.00000000e+00  9.26000000e+02 
 1.80000000e+00  6.80952923e-01  1.00000000e+00  9.27000000e+02 
 1.80000000e+00  4.11478798e-01  1.00000000e+00  9.28000000e+02 
 1.80000000e+00  1.18712449e-01  1.00000000e+00  9.29000000e+02 
 1.80000000e+00  3.85729340e-01  1.00000000e+00  9.30000000e+02 
 1.80000000e+00  4.00623430e-01  1.00000000e+00  9.31000000e+02 
 1.80000000e+00  6.70168325e-01  1.00000000e+00  9.32000000e+02 
 1.80000000e+00  6.27213113e-01  1.00000000e+00  9.33000000e+02 
 1.80000000e+00  6.77279753e-01  1.00000000e+00  9.34000000e+02 
 1.80000000e+00  6.51319964e-01  1.00000000e+00  9.35000000e+02 
 1.80000000e+00  1.30051489e-06  1.00000000e+00  9.36000000e+02 
 1.80000000e+00  6.31410057e-01  1.00000000e+00  9.37000000e+02 
 1.80000000e+00  3.69879722e-01  1.00000000e+00  9.38000000e+02 
 1.80000000e+00  3.76569327e-01  1.00000000e+00  9.39000000e+02 
 1.80000000e+00  6.15774024e-01  1.00000000e+00  9.40000000e+02 
 1.80000000e+00  6.33836531e-01  1.00000000e+00  9.41000000e+02 
 1.80000000e+00  6.58653933e-01  1.00000000e+00  9.42000000e+02 
 1.80000000e+00  6.53053453e-01  1.00000000e+00  9.43000000e+02 
 1.80000000e+00  6.38751387e-01  1.00000000e+00  9.44000000e+02 
 1.80000000e+00  6.81690080e-01  1.00000000e+00  9.45000000e+02 
 1.80000000e+00  6.85773662e-01  1.00000000e+00  9.46000000e+02 
 1.80000000e+00  6.39936327e-01  1.00000000e+00  9.47000000e+02 
 1.80000000e+00  6.63920862e-01  1.00000000e+00  9.48000000e+02 
 1.80000000e+00  6.07997264e-01  1.00000000e+00  9.49000000e+02 
 1.80000000e+00  6.21257295e-01  1.00000000e+00  9.50000000e+02 
 1.80000000e+00  6.31033245e-01  1.00000000e+00  9.51000000e+02 
 1.80000000e+00  1.30015579e-06  1.00000000e+00  9.52000000e+02 
 1.80000000e+00  6.50022047e-01  1.00000000e+00  9.53000000e+02 
 1.80000000e+00  6.80782760e-01  1.00000000e+00  9.54000000e+02 
 1.80000000e+00  6.65283172e-01  1.00000000e+00  9.55000000e+02 
 1.80000000e+00  6.57944082e-01  1.00000000e+00  9.56000000e+02 
 1.80000000e+00  6.68715186e-01  1.00000000e+00  9.57000000e+02 
 1.80000000e+00  6.54923701e-01  1.00000000e+00  9.58000000e+02 
 1.80000000e+00  6.37022676e-01  1.00000000e+00  9.59000000e+02 
 1.80000000e+00  6.24318900e-01  1.00000000e+00  9.60000000e+02 
 1.80000000e+00  6.32341790e-01  1.00000000e+00  9.61000000e+02 
 1.80000000e+00  6.46169953e-01  1.00000000e+00  9.62000000e+02 
 1.80000000e+00  6.63626068e-01  1.00000000e+00  9.63000000e+02 
 1.80000000e+00  6.32876028e-01  1.00000000e+00  9.64000000e+02 
 1.80000000e+00  6.71647434e-01  1.00000000e+00  9.65000000e+02 
 1.80000000e+00  3.63619675e-01  1.00000000e+00  9.66000000e+02 
 1.80000000e+00  6.67794033e-01  1.00000000e+00  9.67000000e+02 
 1.80000000e+00  3.92408360e-01  1.00000000e+00  9.68000000e+02 
 1.80000000e+00  6.42226414e-01  1.00000000e+00  9.69000000e+02 
 1.80000000e+00  6.61918518e-01  1.00000000e+00  9.70000000e+02 
 1.80000000e+00  3.56553271e-01  1.00000000e+00  9.71000000e+02 
 1.80000000e+00  6.29572636e-01  1.00000000e+00  9.72000000e+02 
 1.80000000e+00  3.84179233e-01  1.00000000e+00  9.73000000e+02 
 1.80000000e+00  6.11153106e-01  1.00000000e+00  9.74000000e+02 
 1.80000000e+00  6.45109680e-01  1.00000000e+00  9.75000000e+02 
 1.80000000e+00  6.91549176e-01  1.00000000e+00  9.76000000e+02 
 1.80000000e+00  6.67345196e-01  1.00000000e+00  9.77000000e+02 
 1.80000000e+00  6.35162872e-01  1.00000000e+00  9.78000000e+02 
 1.80000000e+00  6.49329434e-01  1.00000000e+00  9.79000000e+02 
 1.80000000e+00  4.08455516e-01  1.00000000e+00  9.80000000e+02 
 1.80000000e+00  6.76031504e-01  1.00000000e+00  9.81000000e+02 
 1.80000000e+00  1.58676428e+00  1.00000000e+00  9.82000000e+02 
 1.80000000e+00  6.31971870e-01  1.00000000e+00  9.83000000e+02 
 1.80000000e+00  6.85994042e-01  1.00000000e+00  9.84000000e+02 
 1.80000000e+00  6.37365699e-01  1.00000000e+00  9.85000000e+02 
 1.80000000e+00  6.01296941e-01  1.00000000e+00  9.86000000e+02 
 1.80000000e+00  6.55322094e-01  1.00000000e+00  9.87000000e+02 
 1.80000000e+00  6.60548742e-01  1.00000000e+00  9.88000000e+02 
 1.80000000e+00  6.69528323e-01  1.00000000e+00  9.89000000e+02 
 1.80000000e+00  6.59231827e-01  1.00000000e+00  9.90000000e+02 
 1.80000000e+00  6.60867002e-01  1.00000000e+00  9.91000000e+02 
 1.80000000e+00  6.68198629e-01  1.00000000e+00  9.92000000e+02 
 1.80000000e+00  6.36829782e-01  1.00000000e+00  9.93000000e+02 
 1.80000000e+00  1.58478034e+00  1.00000000e+00  9.94000000e+02 
 1.80000000e+00  6.87728153e-01  1.00000000e+00  9.95000000e+02 
 1.80000000e+00  6.57394136e-01  1.00000000e+00  9.96000000e+02 
 1.80000000e+00  6.94522502e-01  1.00000000e+00  9.97000000e+02 
 1.80000000e+00  6.36584762e-01  1.00000000e+00  9.98000000e+02 
 1.80000000e+00  6.61948062e-01  1.00000000e+00  9.99000000e+02 
