 1.80000000e+00  6.62382683e-01  1.00000000e+00  0.00000000e+00 
 1.80000000e+00  6.46696322e-01  1.00000000e+00  1.00000000e+00 
 1.80000000e+00  6.60932022e-01  1.00000000e+00  2.00000000e+00 
 1.80000000e+00  6.32256186e-01  1.00000000e+00  3.00000000e+00 
 1.80000000e+00  6.41565301e-01  1.00000000e+00  4.00000000e+00 
 1.80000000e+00  6.22858896e-01  1.00000000e+00  5.00000000e+00 
 1.80000000e+00  5.94255025e-01  1.00000000e+00  6.00000000e+00 
 1.80000000e+00  6.82468524e-01  1.00000000e+00  7.00000000e+00 
 1.80000000e+00  6.65350242e-01  1.00000000e+00  8.00000000e+00 
 1.80000000e+00  6.63698461e-01  1.00000000e+00  9.00000000e+00 
 1.80000000e+00  6.46010961e-01  1.00000000e+00  1.00000000e+01 
 1.80000000e+00  6.71315529e-01  1.00000000e+00  1.10000000e+01 
 1.80000000e+00  6.07879607e-01  1.00000000e+00  1.20000000e+01 
 1.80000000e+00  6.50161550e-01  1.00000000e+00  1.30000000e+01 
 1.80000000e+00  6.65106505e-01  1.00000000e+00  1.40000000e+01 
 1.80000000e+00  6.50509997e-01  1.00000000e+00  1.50000000e+01 
 1.80000000e+00  6.09563497e-01  1.00000000e+00  1.60000000e+01 
 1.80000000e+00  6.44376573e-01  1.00000000e+00  1.70000000e+01 
 1.80000000e+00  3.32635476e-02  1.00000000e+00  1.80000000e+01 
 1.80000000e+00  6.68907174e-01  1.00000000e+00  1.90000000e+01 
 1.80000000e+00  6.60740974e-01  1.00000000e+00  2.00000000e+01 
 1.80000000e+00  6.45705867e-01  1.00000000e+00  2.10000000e+01 
 1.80000000e+00  6.96839631e-01  1.00000000e+00  2.20000000e+01 
 1.80000000e+00  6.16470659e-01  1.00000000e+00  2.30000000e+01 
 1.80000000e+00  6.46693804e-01  1.00000000e+00  2.40000000e+01 
 1.80000000e+00  6.03541298e-01  1.00000000e+00  2.50000000e+01 
 1.80000000e+00  6.48041203e-01  1.00000000e+00  2.60000000e+01 
 1.80000000e+00  5.96793164e-01  1.00000000e+00  2.70000000e+01 
 1.80000000e+00  6.75167424e-01  1.00000000e+00  2.80000000e+01 
 1.80000000e+00  6.84121616e-01  1.00000000e+00  2.90000000e+01 
 1.80000000e+00  6.57131467e-01  1.00000000e+00  3.00000000e+01 
 1.80000000e+00  6.63172911e-01  1.00000000e+00  3.10000000e+01 
 1.80000000e+00  6.44779691e-01  1.00000000e+00  3.20000000e+01 
 1.80000000e+00  6.32465443e-01  1.00000000e+00  3.30000000e+01 
 1.80000000e+00  6.58240392e-01  1.00000000e+00  3.40000000e+01 
 1.80000000e+00  6.18709855e-01  1.00000000e+00  3.50000000e+01 
 1.80000000e+00  5.16524872e-02  1.00000000e+00  3.60000000e+01 
 1.80000000e+00  6.76918194e-01  1.00000000e+00  3.70000000e+01 
 1.80000000e+00  6.55067283e-01  1.00000000e+00  3.80000000e+01 
 1.80000000e+00  6.47497784e-01  1.00000000e+00  3.90000000e+01 
 1.80000000e+00  6.48348723e-01  1.00000000e+00  4.00000000e+01 
 1.80000000e+00  6.56745489e-01  1.00000000e+00  4.10000000e+01 
 1.80000000e+00  6.66413531e-01  1.00000000e+00  4.20000000e+01 
 1.80000000e+00  6.57908499e-01  1.00000000e+00  4.30000000e+01 
 1.80000000e+00  6.29970101e-01  1.00000000e+00  4.40000000e+01 
 1.80000000e+00  6.57982247e-01  1.00000000e+00  4.50000000e+01 
 1.80000000e+00  6.61827915e-01  1.00000000e+00  4.60000000e+01 
 1.80000000e+00  6.84824493e-01  1.00000000e+00  4.70000000e+01 
 1.80000000e+00  6.68269870e-01  1.00000000e+00  4.80000000e+01 
 1.80000000e+00  6.56954471e-01  1.00000000e+00  4.90000000e+01 
 1.80000000e+00  6.48743315e-01  1.00000000e+00  5.00000000e+01 
 1.80000000e+00  6.58925270e-01  1.00000000e+00  5.10000000e+01 
 1.80000000e+00  6.76938412e-01  1.00000000e+00  5.20000000e+01 
 1.80000000e+00  6.25489271e-01  1.00000000e+00  5.30000000e+01 
 1.80000000e+00  6.50898153e-01  1.00000000e+00  5.40000000e+01 
 1.80000000e+00  6.41456361e-01  1.00000000e+00  5.50000000e+01 
 1.80000000e+00  6.81669181e-01  1.00000000e+00  5.60000000e+01 
 1.80000000e+00  1.73715226e+00  1.00000000e+00  5.70000000e+01 
 1.80000000e+00  6.82020681e-01  1.00000000e+00  5.80000000e+01 
 1.80000000e+00  6.44705884e-01  1.00000000e+00  5.90000000e+01 
 1.80000000e+00  6.49751830e-01  1.00000000e+00  6.00000000e+01 
 1.80000000e+00  6.58402518e-01  1.00000000e+00  6.10000000e+01 
 1.80000000e+00  6.36702862e-01  1.00000000e+00  6.20000000e+01 
 1.80000000e+00  6.36844641e-01  1.00000000e+00  6.30000000e+01 
 1.80000000e+00  6.53871264e-01  1.00000000e+00  6.40000000e+01 
 1.80000000e+00  6.49008106e-01  1.00000000e+00  6.50000000e+01 
 1.80000000e+00  6.43029852e-01  1.00000000e+00  6.60000000e+01 
 1.80000000e+00  6.37771646e-01  1.00000000e+00  6.70000000e+01 
 1.80000000e+00  6.26047261e-01  1.00000000e+00  6.80000000e+01 
 1.80000000e+00  6.79959768e-01  1.00000000e+00  6.90000000e+01 
 1.80000000e+00  6.51966811e-01  1.00000000e+00  7.00000000e+01 
 1.80000000e+00  6.70609181e-01  1.00000000e+00  7.10000000e+01 
 1.80000000e+00  6.51758762e-01  1.00000000e+00  7.20000000e+01 
 1.80000000e+00  6.02477664e-01  1.00000000e+00  7.30000000e+01 
 1.80000000e+00  6.88750670e-01  1.00000000e+00  7.40000000e+01 
 1.80000000e+00  6.73204488e-01  1.00000000e+00  7.50000000e+01 
 1.80000000e+00  6.49742136e-01  1.00000000e+00  7.60000000e+01 
 1.80000000e+00  6.46962240e-01  1.00000000e+00  7.70000000e+01 
 1.80000000e+00  6.37197596e-01  1.00000000e+00  7.80000000e+01 
 1.80000000e+00  6.50101199e-01  1.00000000e+00  7.90000000e+01 
 1.80000000e+00  6.57729170e-01  1.00000000e+00  8.00000000e+01 
 1.80000000e+00  6.31347596e-01  1.00000000e+00  8.10000000e+01 
 1.80000000e+00  6.18433564e-01  1.00000000e+00  8.20000000e+01 
 1.80000000e+00  6.71521005e-01  1.00000000e+00  8.30000000e+01 
 1.80000000e+00  6.66953783e-01  1.00000000e+00  8.40000000e+01 
 1.80000000e+00  5.97749821e-01  1.00000000e+00  8.50000000e+01 
 1.80000000e+00  6.35982941e-01  1.00000000e+00  8.60000000e+01 
 1.80000000e+00  6.72381955e-01  1.00000000e+00  8.70000000e+01 
 1.80000000e+00  6.32712188e-01  1.00000000e+00  8.80000000e+01 
 1.80000000e+00  6.64316780e-01  1.00000000e+00  8.90000000e+01 
 1.80000000e+00  6.36386432e-01  1.00000000e+00  9.00000000e+01 
 1.80000000e+00  6.57058974e-01  1.00000000e+00  9.10000000e+01 
 1.80000000e+00  6.72107949e-01  1.00000000e+00  9.20000000e+01 
 1.80000000e+00  1.49537617e-06  1.00000000e+00  9.30000000e+01 
 1.80000000e+00  6.13320695e-01  1.00000000e+00  9.40000000e+01 
 1.80000000e+00  6.28658369e-01  1.00000000e+00  9.50000000e+01 
 1.80000000e+00  6.46823915e-01  1.00000000e+00  9.60000000e+01 
 1.80000000e+00  6.57809422e-01  1.00000000e+00  9.70000000e+01 
 1.80000000e+00  6.49490212e-01  1.00000000e+00  9.80000000e+01 
 1.80000000e+00  1.60113627e-01  1.00000000e+00  9.90000000e+01 
 1.80000000e+00  6.37810761e-01  1.00000000e+00  1.00000000e+02 
 1.80000000e+00  6.31542612e-01  1.00000000e+00  1.01000000e+02 
 1.80000000e+00  6.88679400e-01  1.00000000e+00  1.02000000e+02 
 1.80000000e+00  6.87244162e-01  1.00000000e+00  1.03000000e+02 
 1.80000000e+00  6.61011012e-01  1.00000000e+00  1.04000000e+02 
 1.80000000e+00  6.40519390e-01  1.00000000e+00  1.05000000e+02 
 1.80000000e+00  6.14501733e-01  1.00000000e+00  1.06000000e+02 
 1.80000000e+00  6.72269144e-01  1.00000000e+00  1.07000000e+02 
 1.80000000e+00  6.57535617e-01  1.00000000e+00  1.08000000e+02 
 1.80000000e+00  6.35857965e-01  1.00000000e+00  1.09000000e+02 
 1.80000000e+00  6.79429459e-01  1.00000000e+00  1.10000000e+02 
 1.80000000e+00 -9.67043640e+03  1.00000000e+00  1.11000000e+02 
 1.80000000e+00  6.78050511e-01  1.00000000e+00  1.12000000e+02 
 1.80000000e+00  6.22297596e-01  1.00000000e+00  1.13000000e+02 
 1.80000000e+00  6.60855455e-01  1.00000000e+00  1.14000000e+02 
 1.80000000e+00  6.66954034e-01  1.00000000e+00  1.15000000e+02 
 1.80000000e+00  6.38637912e-01  1.00000000e+00  1.16000000e+02 
 1.80000000e+00  6.59475578e-01  1.00000000e+00  1.17000000e+02 
 1.80000000e+00  6.20785158e-01  1.00000000e+00  1.18000000e+02 
 1.80000000e+00  6.91574165e-01  1.00000000e+00  1.19000000e+02 
 1.80000000e+00  6.78658702e-01  1.00000000e+00  1.20000000e+02 
 1.80000000e+00  6.09515994e-01  1.00000000e+00  1.21000000e+02 
 1.80000000e+00  6.37220581e-01  1.00000000e+00  1.22000000e+02 
 1.80000000e+00  6.57461754e-01  1.00000000e+00  1.23000000e+02 
 1.80000000e+00 -6.98462926e+03  1.00000000e+00  1.24000000e+02 
 1.80000000e+00  6.78009592e-01  1.00000000e+00  1.25000000e+02 
 1.80000000e+00  6.91617998e-01  1.00000000e+00  1.26000000e+02 
 1.80000000e+00  6.89935564e-01  1.00000000e+00  1.27000000e+02 
 1.80000000e+00  6.16103205e-01  1.00000000e+00  1.28000000e+02 
 1.80000000e+00  6.84703088e-01  1.00000000e+00  1.29000000e+02 
 1.80000000e+00  6.78601954e-01  1.00000000e+00  1.30000000e+02 
 1.80000000e+00  6.76007905e-01  1.00000000e+00  1.31000000e+02 
 1.80000000e+00  6.48940005e-01  1.00000000e+00  1.32000000e+02 
 1.80000000e+00  6.45560639e-01  1.00000000e+00  1.33000000e+02 
 1.80000000e+00  6.38712389e-01  1.00000000e+00  1.34000000e+02 
 1.80000000e+00  6.32049243e-01  1.00000000e+00  1.35000000e+02 
 1.80000000e+00  6.78321325e-01  1.00000000e+00  1.36000000e+02 
 1.80000000e+00  6.86121541e-01  1.00000000e+00  1.37000000e+02 
 1.80000000e+00  6.43043627e-01  1.00000000e+00  1.38000000e+02 
 1.80000000e+00  6.51471996e-01  1.00000000e+00  1.39000000e+02 
 1.80000000e+00  6.52304372e-01  1.00000000e+00  1.40000000e+02 
 1.80000000e+00  6.93493473e-01  1.00000000e+00  1.41000000e+02 
 1.80000000e+00  6.90710596e-01  1.00000000e+00  1.42000000e+02 
 1.80000000e+00  6.69990396e-01  1.00000000e+00  1.43000000e+02 
 1.80000000e+00  1.49272560e-06  1.00000000e+00  1.44000000e+02 
 1.80000000e+00  6.46529246e-01  1.00000000e+00  1.45000000e+02 
 1.80000000e+00  6.66639134e-01  1.00000000e+00  1.46000000e+02 
 1.80000000e+00  6.52254417e-01  1.00000000e+00  1.47000000e+02 
 1.80000000e+00  6.19380239e-01  1.00000000e+00  1.48000000e+02 
 1.80000000e+00  6.09927697e-01  1.00000000e+00  1.49000000e+02 
 1.80000000e+00  6.26729052e-01  1.00000000e+00  1.50000000e+02 
 1.80000000e+00  6.55371262e-01  1.00000000e+00  1.51000000e+02 
 1.80000000e+00  6.44901620e-01  1.00000000e+00  1.52000000e+02 
 1.80000000e+00  6.89405463e-01  1.00000000e+00  1.53000000e+02 
 1.80000000e+00  6.51883617e-01  1.00000000e+00  1.54000000e+02 
 1.80000000e+00  6.81233571e-01  1.00000000e+00  1.55000000e+02 
 1.80000000e+00  6.74266563e-01  1.00000000e+00  1.56000000e+02 
 1.80000000e+00  6.38084850e-01  1.00000000e+00  1.57000000e+02 
 1.80000000e+00  6.32416781e-01  1.00000000e+00  1.58000000e+02 
 1.80000000e+00  6.68655936e-01  1.00000000e+00  1.59000000e+02 
 1.80000000e+00  6.56714347e-01  1.00000000e+00  1.60000000e+02 
 1.80000000e+00  6.26325244e-01  1.00000000e+00  1.61000000e+02 
 1.80000000e+00  6.45705991e-01  1.00000000e+00  1.62000000e+02 
 1.80000000e+00  6.93732763e-01  1.00000000e+00  1.63000000e+02 
 1.80000000e+00  6.20312333e-01  1.00000000e+00  1.64000000e+02 
 1.80000000e+00  6.78620809e-01  1.00000000e+00  1.65000000e+02 
 1.80000000e+00  6.49160536e-01  1.00000000e+00  1.66000000e+02 
 1.80000000e+00  6.38537482e-01  1.00000000e+00  1.67000000e+02 
 1.80000000e+00  6.61430567e-01  1.00000000e+00  1.68000000e+02 
 1.80000000e+00  6.43873632e-01  1.00000000e+00  1.69000000e+02 
 1.80000000e+00  6.28044873e-01  1.00000000e+00  1.70000000e+02 
 1.80000000e+00  5.50390769e-02  1.00000000e+00  1.71000000e+02 
 1.80000000e+00  6.40090469e-01  1.00000000e+00  1.72000000e+02 
 1.80000000e+00  6.83200880e-01  1.00000000e+00  1.73000000e+02 
 1.80000000e+00  6.54179194e-01  1.00000000e+00  1.74000000e+02 
 1.80000000e+00  6.36195120e-01  1.00000000e+00  1.75000000e+02 
 1.80000000e+00  6.69979652e-01  1.00000000e+00  1.76000000e+02 
 1.80000000e+00  6.15631009e-01  1.00000000e+00  1.77000000e+02 
 1.80000000e+00  6.63519775e-01  1.00000000e+00  1.78000000e+02 
 1.80000000e+00  6.12633777e-01  1.00000000e+00  1.79000000e+02 
 1.80000000e+00  6.11936747e-01  1.00000000e+00  1.80000000e+02 
 1.80000000e+00  6.34130021e-01  1.00000000e+00  1.81000000e+02 
 1.80000000e+00  6.33649357e-01  1.00000000e+00  1.82000000e+02 
 1.80000000e+00  6.37111335e-01  1.00000000e+00  1.83000000e+02 
 1.80000000e+00  6.55306559e-01  1.00000000e+00  1.84000000e+02 
 1.80000000e+00  6.11830031e-01  1.00000000e+00  1.85000000e+02 
 1.80000000e+00  6.70339003e-01  1.00000000e+00  1.86000000e+02 
 1.80000000e+00  6.48142643e-01  1.00000000e+00  1.87000000e+02 
 1.80000000e+00  6.29427717e-01  1.00000000e+00  1.88000000e+02 
 1.80000000e+00  6.58308157e-01  1.00000000e+00  1.89000000e+02 
 1.80000000e+00  6.62962023e-01  1.00000000e+00  1.90000000e+02 
 1.80000000e+00  6.57376134e-01  1.00000000e+00  1.91000000e+02 
 1.80000000e+00  6.47844862e-01  1.00000000e+00  1.92000000e+02 
 1.80000000e+00  6.28500961e-01  1.00000000e+00  1.93000000e+02 
 1.80000000e+00  6.68173829e-01  1.00000000e+00  1.94000000e+02 
 1.80000000e+00  6.25483279e-01  1.00000000e+00  1.95000000e+02 
 1.80000000e+00  6.65391587e-01  1.00000000e+00  1.96000000e+02 
 1.80000000e+00  6.33111430e-01  1.00000000e+00  1.97000000e+02 
 1.80000000e+00  6.66691957e-01  1.00000000e+00  1.98000000e+02 
 1.80000000e+00  6.41270558e-01  1.00000000e+00  1.99000000e+02 
 1.80000000e+00  6.59625984e-01  1.00000000e+00  2.00000000e+02 
 1.80000000e+00  6.71462567e-01  1.00000000e+00  2.01000000e+02 
 1.80000000e+00  1.80831430e-01  1.00000000e+00  2.02000000e+02 
 1.80000000e+00  6.39311034e-01  1.00000000e+00  2.03000000e+02 
 1.80000000e+00  6.71493293e-01  1.00000000e+00  2.04000000e+02 
 1.80000000e+00  1.38552571e-06  1.00000000e+00  2.05000000e+02 
 1.80000000e+00  6.43685793e-01  1.00000000e+00  2.06000000e+02 
 1.80000000e+00  6.66546808e-01  1.00000000e+00  2.07000000e+02 
 1.80000000e+00  6.71955541e-01  1.00000000e+00  2.08000000e+02 
 1.80000000e+00  6.47356785e-01  1.00000000e+00  2.09000000e+02 
 1.80000000e+00  6.24293141e-01  1.00000000e+00  2.10000000e+02 
 1.80000000e+00  6.93617399e-01  1.00000000e+00  2.11000000e+02 
 1.80000000e+00  6.32059201e-01  1.00000000e+00  2.12000000e+02 
 1.80000000e+00  6.57850720e-01  1.00000000e+00  2.13000000e+02 
 1.80000000e+00  6.81499796e-01  1.00000000e+00  2.14000000e+02 
 1.80000000e+00  6.03404891e-01  1.00000000e+00  2.15000000e+02 
 1.80000000e+00  6.63474191e-01  1.00000000e+00  2.16000000e+02 
 1.80000000e+00  6.29424900e-01  1.00000000e+00  2.17000000e+02 
 1.80000000e+00  6.63095515e-01  1.00000000e+00  2.18000000e+02 
 1.80000000e+00  6.44815615e-01  1.00000000e+00  2.19000000e+02 
 1.80000000e+00  6.35817359e-01  1.00000000e+00  2.20000000e+02 
 1.80000000e+00  6.67940111e-01  1.00000000e+00  2.21000000e+02 
 1.80000000e+00  6.58795453e-01  1.00000000e+00  2.22000000e+02 
 1.80000000e+00  6.57323745e-01  1.00000000e+00  2.23000000e+02 
 1.80000000e+00  5.99826646e-01  1.00000000e+00  2.24000000e+02 
 1.80000000e+00  6.33283738e-01  1.00000000e+00  2.25000000e+02 
 1.80000000e+00  6.56576529e-01  1.00000000e+00  2.26000000e+02 
 1.80000000e+00  6.32869513e-01  1.00000000e+00  2.27000000e+02 
 1.80000000e+00  6.25095631e-01  1.00000000e+00  2.28000000e+02 
 1.80000000e+00  6.36050147e-01  1.00000000e+00  2.29000000e+02 
 1.80000000e+00  6.61548542e-01  1.00000000e+00  2.30000000e+02 
 1.80000000e+00  7.03029032e-01  1.00000000e+00  2.31000000e+02 
 1.80000000e+00  6.47714494e-01  1.00000000e+00  2.32000000e+02 
 1.80000000e+00  1.43546697e-06  1.00000000e+00  2.33000000e+02 
 1.80000000e+00  6.36848657e-01  1.00000000e+00  2.34000000e+02 
 1.80000000e+00  6.25060694e-01  1.00000000e+00  2.35000000e+02 
 1.80000000e+00  6.86100169e-01  1.00000000e+00  2.36000000e+02 
 1.80000000e+00  6.75158213e-01  1.00000000e+00  2.37000000e+02 
 1.80000000e+00  6.38758506e-01  1.00000000e+00  2.38000000e+02 
 1.80000000e+00  6.09015166e-01  1.00000000e+00  2.39000000e+02 
 1.80000000e+00  6.62115646e-01  1.00000000e+00  2.40000000e+02 
 1.80000000e+00  6.31925284e-01  1.00000000e+00  2.41000000e+02 
 1.80000000e+00  6.83464666e-01  1.00000000e+00  2.42000000e+02 
 1.80000000e+00  6.62213943e-01  1.00000000e+00  2.43000000e+02 
 1.80000000e+00  6.39456042e-01  1.00000000e+00  2.44000000e+02 
 1.80000000e+00  3.97594374e-02  1.00000000e+00  2.45000000e+02 
 1.80000000e+00  6.25987452e-01  1.00000000e+00  2.46000000e+02 
 1.80000000e+00  6.30205184e-01  1.00000000e+00  2.47000000e+02 
 1.80000000e+00  6.75434435e-01  1.00000000e+00  2.48000000e+02 
 1.80000000e+00  6.30097991e-01  1.00000000e+00  2.49000000e+02 
 1.80000000e+00  6.60604388e-01  1.00000000e+00  2.50000000e+02 
 1.80000000e+00  6.58534033e-01  1.00000000e+00  2.51000000e+02 
 1.80000000e+00  6.44204157e-01  1.00000000e+00  2.52000000e+02 
 1.80000000e+00  6.34045577e-01  1.00000000e+00  2.53000000e+02 
 1.80000000e+00  6.57252535e-01  1.00000000e+00  2.54000000e+02 
 1.80000000e+00  6.35855292e-01  1.00000000e+00  2.55000000e+02 
 1.80000000e+00  6.40992810e-01  1.00000000e+00  2.56000000e+02 
 1.80000000e+00  6.65443754e-01  1.00000000e+00  2.57000000e+02 
 1.80000000e+00  6.30332608e-01  1.00000000e+00  2.58000000e+02 
 1.80000000e+00  6.54315891e-01  1.00000000e+00  2.59000000e+02 
 1.80000000e+00  6.80907564e-01  1.00000000e+00  2.60000000e+02 
 1.80000000e+00  6.63691103e-01  1.00000000e+00  2.61000000e+02 
 1.80000000e+00  6.53410417e-01  1.00000000e+00  2.62000000e+02 
 1.80000000e+00  6.94165075e-01  1.00000000e+00  2.63000000e+02 
 1.80000000e+00  5.98449271e-01  1.00000000e+00  2.64000000e+02 
 1.80000000e+00  6.78478847e-01  1.00000000e+00  2.65000000e+02 
 1.80000000e+00  6.42326418e-01  1.00000000e+00  2.66000000e+02 
 1.80000000e+00  6.38449037e-01  1.00000000e+00  2.67000000e+02 
 1.80000000e+00  6.72474598e-01  1.00000000e+00  2.68000000e+02 
 1.80000000e+00  6.60142792e-01  1.00000000e+00  2.69000000e+02 
 1.80000000e+00  6.07994220e-01  1.00000000e+00  2.70000000e+02 
 1.80000000e+00  6.32852208e-01  1.00000000e+00  2.71000000e+02 
 1.80000000e+00  6.37415234e-01  1.00000000e+00  2.72000000e+02 
 1.80000000e+00  6.42968920e-01  1.00000000e+00  2.73000000e+02 
 1.80000000e+00  6.64024576e-01  1.00000000e+00  2.74000000e+02 
 1.80000000e+00  6.48074565e-01  1.00000000e+00  2.75000000e+02 
 1.80000000e+00  6.23264561e-01  1.00000000e+00  2.76000000e+02 
 1.80000000e+00  6.81546805e-01  1.00000000e+00  2.77000000e+02 
 1.80000000e+00  6.43748235e-01  1.00000000e+00  2.78000000e+02 
 1.80000000e+00  6.55558552e-01  1.00000000e+00  2.79000000e+02 
 1.80000000e+00  6.78602954e-01  1.00000000e+00  2.80000000e+02 
 1.80000000e+00  6.36540313e-01  1.00000000e+00  2.81000000e+02 
 1.80000000e+00  6.33239687e-01  1.00000000e+00  2.82000000e+02 
 1.80000000e+00  6.88534675e-01  1.00000000e+00  2.83000000e+02 
 1.80000000e+00  5.88541795e-01  1.00000000e+00  2.84000000e+02 
 1.80000000e+00  6.60287413e-01  1.00000000e+00  2.85000000e+02 
 1.80000000e+00  6.20055118e-01  1.00000000e+00  2.86000000e+02 
 1.80000000e+00  6.17808842e-01  1.00000000e+00  2.87000000e+02 
 1.80000000e+00  6.19367639e-01  1.00000000e+00  2.88000000e+02 
 1.80000000e+00  6.32300265e-01  1.00000000e+00  2.89000000e+02 
 1.80000000e+00  6.72452951e-01  1.00000000e+00  2.90000000e+02 
 1.80000000e+00  6.78570149e-01  1.00000000e+00  2.91000000e+02 
 1.80000000e+00  6.54908606e-01  1.00000000e+00  2.92000000e+02 
 1.80000000e+00  6.64658595e-01  1.00000000e+00  2.93000000e+02 
 1.80000000e+00  6.49949264e-01  1.00000000e+00  2.94000000e+02 
 1.80000000e+00  6.45173141e-01  1.00000000e+00  2.95000000e+02 
 1.80000000e+00  6.66881749e-01  1.00000000e+00  2.96000000e+02 
 1.80000000e+00  6.73969772e-01  1.00000000e+00  2.97000000e+02 
 1.80000000e+00  6.20772810e-01  1.00000000e+00  2.98000000e+02 
 1.80000000e+00  7.13614389e-01  1.00000000e+00  2.99000000e+02 
 1.80000000e+00  6.57587636e-01  1.00000000e+00  3.00000000e+02 
 1.80000000e+00  6.12407823e-01  1.00000000e+00  3.01000000e+02 
 1.80000000e+00  6.61438212e-01  1.00000000e+00  3.02000000e+02 
 1.80000000e+00  6.53247728e-01  1.00000000e+00  3.03000000e+02 
 1.80000000e+00  6.35802678e-01  1.00000000e+00  3.04000000e+02 
 1.80000000e+00  6.46445403e-01  1.00000000e+00  3.05000000e+02 
 1.80000000e+00  6.71072099e-01  1.00000000e+00  3.06000000e+02 
 1.80000000e+00  6.80148921e-01  1.00000000e+00  3.07000000e+02 
 1.80000000e+00  1.40546158e-06  1.00000000e+00  3.08000000e+02 
 1.80000000e+00  6.52538337e-01  1.00000000e+00  3.09000000e+02 
 1.80000000e+00  6.32744048e-01  1.00000000e+00  3.10000000e+02 
 1.80000000e+00  6.63983029e-01  1.00000000e+00  3.11000000e+02 
 1.80000000e+00  6.43650258e-01  1.00000000e+00  3.12000000e+02 
 1.80000000e+00  6.41948518e-01  1.00000000e+00  3.13000000e+02 
 1.80000000e+00  6.63767727e-01  1.00000000e+00  3.14000000e+02 
 1.80000000e+00  1.63485397e+00  1.00000000e+00  3.15000000e+02 
 1.80000000e+00  6.38485733e-01  1.00000000e+00  3.16000000e+02 
 1.80000000e+00  6.47746795e-01  1.00000000e+00  3.17000000e+02 
 1.80000000e+00  6.08290359e-01  1.00000000e+00  3.18000000e+02 
 1.80000000e+00  6.30992865e-01  1.00000000e+00  3.19000000e+02 
 1.80000000e+00  6.12928192e-01  1.00000000e+00  3.20000000e+02 
 1.80000000e+00  6.30847134e-01  1.00000000e+00  3.21000000e+02 
 1.80000000e+00  6.66265565e-01  1.00000000e+00  3.22000000e+02 
 1.80000000e+00  6.55783237e-01  1.00000000e+00  3.23000000e+02 
 1.80000000e+00  7.70690140e-02  1.00000000e+00  3.24000000e+02 
 1.80000000e+00  6.73068276e-01  1.00000000e+00  3.25000000e+02 
 1.80000000e+00  6.46923584e-01  1.00000000e+00  3.26000000e+02 
 1.80000000e+00  6.41516852e-01  1.00000000e+00  3.27000000e+02 
 1.80000000e+00  6.76521793e-01  1.00000000e+00  3.28000000e+02 
 1.80000000e+00  6.61801413e-01  1.00000000e+00  3.29000000e+02 
 1.80000000e+00  6.34171089e-01  1.00000000e+00  3.30000000e+02 
 1.80000000e+00  6.81786706e-01  1.00000000e+00  3.31000000e+02 
 1.80000000e+00  6.05078111e-01  1.00000000e+00  3.32000000e+02 
 1.80000000e+00  6.60845919e-01  1.00000000e+00  3.33000000e+02 
 1.80000000e+00  6.51572296e-01  1.00000000e+00  3.34000000e+02 
 1.80000000e+00  6.16105911e-01  1.00000000e+00  3.35000000e+02 
 1.80000000e+00  6.63573941e-01  1.00000000e+00  3.36000000e+02 
 1.80000000e+00  6.37563243e-01  1.00000000e+00  3.37000000e+02 
 1.80000000e+00  3.93250627e-02  1.00000000e+00  3.38000000e+02 
 1.80000000e+00  6.60265377e-01  1.00000000e+00  3.39000000e+02 
 1.80000000e+00  6.70598959e-01  1.00000000e+00  3.40000000e+02 
 1.80000000e+00  6.61407921e-01  1.00000000e+00  3.41000000e+02 
 1.80000000e+00  6.55433152e-01  1.00000000e+00  3.42000000e+02 
 1.80000000e+00  6.64946800e-01  1.00000000e+00  3.43000000e+02 
 1.80000000e+00  6.35756150e-01  1.00000000e+00  3.44000000e+02 
 1.80000000e+00  6.31674359e-01  1.00000000e+00  3.45000000e+02 
 1.80000000e+00  6.37552546e-01  1.00000000e+00  3.46000000e+02 
 1.80000000e+00  6.19701122e-01  1.00000000e+00  3.47000000e+02 
 1.80000000e+00  6.70886051e-01  1.00000000e+00  3.48000000e+02 
 1.80000000e+00  6.41308300e-01  1.00000000e+00  3.49000000e+02 
 1.80000000e+00  6.75276066e-01  1.00000000e+00  3.50000000e+02 
 1.80000000e+00  6.49283707e-01  1.00000000e+00  3.51000000e+02 
 1.80000000e+00  6.24057610e-01  1.00000000e+00  3.52000000e+02 
 1.80000000e+00  6.49224720e-01  1.00000000e+00  3.53000000e+02 
 1.80000000e+00  6.88721752e-01  1.00000000e+00  3.54000000e+02 
 1.80000000e+00  6.70912080e-01  1.00000000e+00  3.55000000e+02 
 1.80000000e+00  6.26746395e-01  1.00000000e+00  3.56000000e+02 
 1.80000000e+00  6.50085237e-01  1.00000000e+00  3.57000000e+02 
 1.80000000e+00  6.66655070e-01  1.00000000e+00  3.58000000e+02 
 1.80000000e+00  6.52877980e-01  1.00000000e+00  3.59000000e+02 
 1.80000000e+00  6.21516622e-01  1.00000000e+00  3.60000000e+02 
 1.80000000e+00  6.86535433e-01  1.00000000e+00  3.61000000e+02 
 1.80000000e+00  6.48662348e-01  1.00000000e+00  3.62000000e+02 
 1.80000000e+00  6.53639865e-01  1.00000000e+00  3.63000000e+02 
 1.80000000e+00  6.79409001e-01  1.00000000e+00  3.64000000e+02 
 1.80000000e+00  6.85100202e-01  1.00000000e+00  3.65000000e+02 
 1.80000000e+00  6.51062526e-01  1.00000000e+00  3.66000000e+02 
 1.80000000e+00  6.59627135e-01  1.00000000e+00  3.67000000e+02 
 1.80000000e+00  6.55850519e-01  1.00000000e+00  3.68000000e+02 
 1.80000000e+00  6.24647847e-01  1.00000000e+00  3.69000000e+02 
 1.80000000e+00  6.19905782e-01  1.00000000e+00  3.70000000e+02 
 1.80000000e+00  6.77286838e-01  1.00000000e+00  3.71000000e+02 
 1.80000000e+00 -9.81047822e+03  1.00000000e+00  3.72000000e+02 
 1.80000000e+00  6.54549409e-01  1.00000000e+00  3.73000000e+02 
 1.80000000e+00  6.55097230e-01  1.00000000e+00  3.74000000e+02 
 1.80000000e+00  6.77453339e-01  1.00000000e+00  3.75000000e+02 
 1.80000000e+00  6.30678913e-01  1.00000000e+00  3.76000000e+02 
 1.80000000e+00  6.38825431e-01  1.00000000e+00  3.77000000e+02 
 1.80000000e+00  6.41788483e-01  1.00000000e+00  3.78000000e+02 
 1.80000000e+00  6.61762674e-01  1.00000000e+00  3.79000000e+02 
 1.80000000e+00  6.79037540e-01  1.00000000e+00  3.80000000e+02 
 1.80000000e+00  7.15960406e-01  1.00000000e+00  3.81000000e+02 
 1.80000000e+00  6.62603929e-01  1.00000000e+00  3.82000000e+02 
 1.80000000e+00  6.70646086e-01  1.00000000e+00  3.83000000e+02 
 1.80000000e+00  6.69123217e-01  1.00000000e+00  3.84000000e+02 
 1.80000000e+00  6.70478374e-01  1.00000000e+00  3.85000000e+02 
 1.80000000e+00  6.32702073e-01  1.00000000e+00  3.86000000e+02 
 1.80000000e+00  6.68789455e-01  1.00000000e+00  3.87000000e+02 
 1.80000000e+00  6.50662196e-01  1.00000000e+00  3.88000000e+02 
 1.80000000e+00  6.49060333e-01  1.00000000e+00  3.89000000e+02 
 1.80000000e+00  6.44673771e-01  1.00000000e+00  3.90000000e+02 
 1.80000000e+00  6.70058254e-01  1.00000000e+00  3.91000000e+02 
 1.80000000e+00  6.59181037e-01  1.00000000e+00  3.92000000e+02 
 1.80000000e+00  6.78556225e-01  1.00000000e+00  3.93000000e+02 
 1.80000000e+00  6.58429130e-01  1.00000000e+00  3.94000000e+02 
 1.80000000e+00  6.48166548e-01  1.00000000e+00  3.95000000e+02 
 1.80000000e+00  6.46141363e-01  1.00000000e+00  3.96000000e+02 
 1.80000000e+00  6.98900688e-01  1.00000000e+00  3.97000000e+02 
 1.80000000e+00  6.48334192e-01  1.00000000e+00  3.98000000e+02 
 1.80000000e+00  6.55634987e-01  1.00000000e+00  3.99000000e+02 
 1.80000000e+00  6.60624294e-01  1.00000000e+00  4.00000000e+02 
 1.80000000e+00  6.54267127e-01  1.00000000e+00  4.01000000e+02 
 1.80000000e+00  6.68964154e-01  1.00000000e+00  4.02000000e+02 
 1.80000000e+00  6.61023305e-01  1.00000000e+00  4.03000000e+02 
 1.80000000e+00  5.81100968e-01  1.00000000e+00  4.04000000e+02 
 1.80000000e+00  6.62245237e-01  1.00000000e+00  4.05000000e+02 
 1.80000000e+00  6.80760336e-01  1.00000000e+00  4.06000000e+02 
 1.80000000e+00  6.35433873e-01  1.00000000e+00  4.07000000e+02 
 1.80000000e+00  6.36549823e-01  1.00000000e+00  4.08000000e+02 
 1.80000000e+00  6.59534588e-01  1.00000000e+00  4.09000000e+02 
 1.80000000e+00  6.39767274e-01  1.00000000e+00  4.10000000e+02 
 1.80000000e+00  6.78861839e-01  1.00000000e+00  4.11000000e+02 
 1.80000000e+00  6.69296218e-01  1.00000000e+00  4.12000000e+02 
 1.80000000e+00  6.15136766e-01  1.00000000e+00  4.13000000e+02 
 1.80000000e+00  6.37707043e-01  1.00000000e+00  4.14000000e+02 
 1.80000000e+00  6.11500928e-01  1.00000000e+00  4.15000000e+02 
 1.80000000e+00  6.22609863e-01  1.00000000e+00  4.16000000e+02 
 1.80000000e+00  6.48488082e-01  1.00000000e+00  4.17000000e+02 
 1.80000000e+00  6.77798130e-01  1.00000000e+00  4.18000000e+02 
 1.80000000e+00  6.20562624e-01  1.00000000e+00  4.19000000e+02 
 1.80000000e+00  6.38781061e-01  1.00000000e+00  4.20000000e+02 
 1.80000000e+00 -9.74528318e+03  1.00000000e+00  4.21000000e+02 
 1.80000000e+00  6.09361383e-01  1.00000000e+00  4.22000000e+02 
 1.80000000e+00  6.24421886e-01  1.00000000e+00  4.23000000e+02 
 1.80000000e+00  6.44802437e-01  1.00000000e+00  4.24000000e+02 
 1.80000000e+00  6.75650623e-01  1.00000000e+00  4.25000000e+02 
 1.80000000e+00  6.57457087e-01  1.00000000e+00  4.26000000e+02 
 1.80000000e+00  6.72854740e-01  1.00000000e+00  4.27000000e+02 
 1.80000000e+00  6.52533666e-01  1.00000000e+00  4.28000000e+02 
 1.80000000e+00  6.34510362e-01  1.00000000e+00  4.29000000e+02 
 1.80000000e+00  6.37474663e-01  1.00000000e+00  4.30000000e+02 
 1.80000000e+00  6.65521159e-01  1.00000000e+00  4.31000000e+02 
 1.80000000e+00  6.47955805e-01  1.00000000e+00  4.32000000e+02 
 1.80000000e+00  6.42258287e-01  1.00000000e+00  4.33000000e+02 
 1.80000000e+00  6.48061487e-01  1.00000000e+00  4.34000000e+02 
 1.80000000e+00  1.59371524e+00  1.00000000e+00  4.35000000e+02 
 1.80000000e+00  6.32657771e-01  1.00000000e+00  4.36000000e+02 
 1.80000000e+00  6.48860133e-01  1.00000000e+00  4.37000000e+02 
 1.80000000e+00  6.22243952e-01  1.00000000e+00  4.38000000e+02 
 1.80000000e+00  6.10607947e-01  1.00000000e+00  4.39000000e+02 
 1.80000000e+00  6.83678344e-01  1.00000000e+00  4.40000000e+02 
 1.80000000e+00  6.46412548e-01  1.00000000e+00  4.41000000e+02 
 1.80000000e+00  6.75798135e-01  1.00000000e+00  4.42000000e+02 
 1.80000000e+00  6.69312241e-01  1.00000000e+00  4.43000000e+02 
 1.80000000e+00  6.61892052e-01  1.00000000e+00  4.44000000e+02 
 1.80000000e+00  6.51230155e-01  1.00000000e+00  4.45000000e+02 
 1.80000000e+00  6.48508999e-01  1.00000000e+00  4.46000000e+02 
 1.80000000e+00  6.35322722e-01  1.00000000e+00  4.47000000e+02 
 1.80000000e+00  6.27648207e-01  1.00000000e+00  4.48000000e+02 
 1.80000000e+00  6.99163412e-01  1.00000000e+00  4.49000000e+02 
 1.80000000e+00  6.49006325e-01  1.00000000e+00  4.50000000e+02 
 1.80000000e+00  6.45850997e-01  1.00000000e+00  4.51000000e+02 
 1.80000000e+00  6.84952736e-01  1.00000000e+00  4.52000000e+02 
 1.80000000e+00  6.52734238e-01  1.00000000e+00  4.53000000e+02 
 1.80000000e+00  6.50064356e-01  1.00000000e+00  4.54000000e+02 
 1.80000000e+00  6.75459195e-01  1.00000000e+00  4.55000000e+02 
 1.80000000e+00  6.42739439e-01  1.00000000e+00  4.56000000e+02 
 1.80000000e+00  6.34214975e-01  1.00000000e+00  4.57000000e+02 
 1.80000000e+00  6.70470178e-01  1.00000000e+00  4.58000000e+02 
 1.80000000e+00  6.44156653e-01  1.00000000e+00  4.59000000e+02 
 1.80000000e+00  6.12986124e-01  1.00000000e+00  4.60000000e+02 
 1.80000000e+00  6.48373591e-01  1.00000000e+00  4.61000000e+02 
 1.80000000e+00  6.13540281e-01  1.00000000e+00  4.62000000e+02 
 1.80000000e+00  6.89705026e-01  1.00000000e+00  4.63000000e+02 
 1.80000000e+00  6.46297427e-01  1.00000000e+00  4.64000000e+02 
 1.80000000e+00  6.85872608e-01  1.00000000e+00  4.65000000e+02 
 1.80000000e+00  6.20878483e-01  1.00000000e+00  4.66000000e+02 
 1.80000000e+00  6.46680588e-01  1.00000000e+00  4.67000000e+02 
 1.80000000e+00  6.30806642e-01  1.00000000e+00  4.68000000e+02 
 1.80000000e+00  1.57279320e-01  1.00000000e+00  4.69000000e+02 
 1.80000000e+00  6.56311562e-01  1.00000000e+00  4.70000000e+02 
 1.80000000e+00  6.62497326e-01  1.00000000e+00  4.71000000e+02 
 1.80000000e+00  5.89812535e-01  1.00000000e+00  4.72000000e+02 
 1.80000000e+00  6.50683037e-01  1.00000000e+00  4.73000000e+02 
 1.80000000e+00  6.42616694e-01  1.00000000e+00  4.74000000e+02 
 1.80000000e+00  6.37988615e-01  1.00000000e+00  4.75000000e+02 
 1.80000000e+00  6.60706254e-01  1.00000000e+00  4.76000000e+02 
 1.80000000e+00  6.88786035e-01  1.00000000e+00  4.77000000e+02 
 1.80000000e+00  6.35356041e-01  1.00000000e+00  4.78000000e+02 
 1.80000000e+00  6.58832282e-01  1.00000000e+00  4.79000000e+02 
 1.80000000e+00  6.61116927e-01  1.00000000e+00  4.80000000e+02 
 1.80000000e+00  6.46028752e-01  1.00000000e+00  4.81000000e+02 
 1.80000000e+00  6.67085414e-01  1.00000000e+00  4.82000000e+02 
 1.80000000e+00  6.46550957e-01  1.00000000e+00  4.83000000e+02 
 1.80000000e+00  6.74489371e-01  1.00000000e+00  4.84000000e+02 
 1.80000000e+00  7.00136216e-01  1.00000000e+00  4.85000000e+02 
 1.80000000e+00  6.45674367e-01  1.00000000e+00  4.86000000e+02 
 1.80000000e+00  6.60642933e-01  1.00000000e+00  4.87000000e+02 
 1.80000000e+00  6.75018142e-01  1.00000000e+00  4.88000000e+02 
 1.80000000e+00  6.40743066e-01  1.00000000e+00  4.89000000e+02 
 1.80000000e+00  6.52620200e-01  1.00000000e+00  4.90000000e+02 
 1.80000000e+00  6.01223483e-01  1.00000000e+00  4.91000000e+02 
 1.80000000e+00  6.43309259e-01  1.00000000e+00  4.92000000e+02 
 1.80000000e+00  6.55111074e-01  1.00000000e+00  4.93000000e+02 
 1.80000000e+00  6.39426728e-01  1.00000000e+00  4.94000000e+02 
 1.80000000e+00  6.63410280e-01  1.00000000e+00  4.95000000e+02 
 1.80000000e+00  6.53957730e-01  1.00000000e+00  4.96000000e+02 
 1.80000000e+00  6.24086947e-01  1.00000000e+00  4.97000000e+02 
 1.80000000e+00  6.61889819e-01  1.00000000e+00  4.98000000e+02 
 1.80000000e+00  6.41295235e-01  1.00000000e+00  4.99000000e+02 
 1.80000000e+00  6.41349825e-01  1.00000000e+00  5.00000000e+02 
 1.80000000e+00  6.40937450e-01  1.00000000e+00  5.01000000e+02 
 1.80000000e+00  6.52353935e-01  1.00000000e+00  5.02000000e+02 
 1.80000000e+00  6.45307607e-01  1.00000000e+00  5.03000000e+02 
 1.80000000e+00  7.02255485e-01  1.00000000e+00  5.04000000e+02 
 1.80000000e+00  6.58517082e-01  1.00000000e+00  5.05000000e+02 
 1.80000000e+00  6.34871454e-01  1.00000000e+00  5.06000000e+02 
 1.80000000e+00  6.60645237e-01  1.00000000e+00  5.07000000e+02 
 1.80000000e+00  6.53922251e-01  1.00000000e+00  5.08000000e+02 
 1.80000000e+00  6.28337159e-01  1.00000000e+00  5.09000000e+02 
 1.80000000e+00  6.18261571e-01  1.00000000e+00  5.10000000e+02 
 1.80000000e+00  6.46474957e-01  1.00000000e+00  5.11000000e+02 
 1.80000000e+00  6.54601361e-01  1.00000000e+00  5.12000000e+02 
 1.80000000e+00  6.13977208e-01  1.00000000e+00  5.13000000e+02 
 1.80000000e+00  6.58330926e-01  1.00000000e+00  5.14000000e+02 
 1.80000000e+00  6.47867396e-01  1.00000000e+00  5.15000000e+02 
 1.80000000e+00  6.50184724e-01  1.00000000e+00  5.16000000e+02 
 1.80000000e+00  6.36139656e-01  1.00000000e+00  5.17000000e+02 
 1.80000000e+00  6.24006424e-01  1.00000000e+00  5.18000000e+02 
 1.80000000e+00  6.31558422e-01  1.00000000e+00  5.19000000e+02 
 1.80000000e+00  6.92641580e-01  1.00000000e+00  5.20000000e+02 
 1.80000000e+00  6.47073598e-01  1.00000000e+00  5.21000000e+02 
 1.80000000e+00  6.31957127e-01  1.00000000e+00  5.22000000e+02 
 1.80000000e+00  6.58666495e-01  1.00000000e+00  5.23000000e+02 
 1.80000000e+00  6.50840166e-01  1.00000000e+00  5.24000000e+02 
 1.80000000e+00  6.56265473e-01  1.00000000e+00  5.25000000e+02 
 1.80000000e+00  6.44200264e-01  1.00000000e+00  5.26000000e+02 
 1.80000000e+00  6.34437362e-01  1.00000000e+00  5.27000000e+02 
 1.80000000e+00  6.58941241e-01  1.00000000e+00  5.28000000e+02 
 1.80000000e+00  6.54262007e-01  1.00000000e+00  5.29000000e+02 
 1.80000000e+00  6.53110502e-01  1.00000000e+00  5.30000000e+02 
 1.80000000e+00  6.85525979e-01  1.00000000e+00  5.31000000e+02 
 1.80000000e+00  6.74761430e-01  1.00000000e+00  5.32000000e+02 
 1.80000000e+00  6.66195079e-01  1.00000000e+00  5.33000000e+02 
 1.80000000e+00  6.49865589e-01  1.00000000e+00  5.34000000e+02 
 1.80000000e+00  6.40887677e-01  1.00000000e+00  5.35000000e+02 
 1.80000000e+00  6.48717941e-01  1.00000000e+00  5.36000000e+02 
 1.80000000e+00  6.23130619e-01  1.00000000e+00  5.37000000e+02 
 1.80000000e+00  6.59436187e-01  1.00000000e+00  5.38000000e+02 
 1.80000000e+00  6.59521202e-01  1.00000000e+00  5.39000000e+02 
 1.80000000e+00  6.57140279e-01  1.00000000e+00  5.40000000e+02 
 1.80000000e+00  6.86690424e-01  1.00000000e+00  5.41000000e+02 
 1.80000000e+00  6.80578269e-01  1.00000000e+00  5.42000000e+02 
 1.80000000e+00  6.35111961e-01  1.00000000e+00  5.43000000e+02 
 1.80000000e+00  6.63979004e-01  1.00000000e+00  5.44000000e+02 
 1.80000000e+00  6.33746868e-01  1.00000000e+00  5.45000000e+02 
 1.80000000e+00  6.52288026e-01  1.00000000e+00  5.46000000e+02 
 1.80000000e+00  6.50590535e-01  1.00000000e+00  5.47000000e+02 
 1.80000000e+00  3.05945335e-01  1.00000000e+00  5.48000000e+02 
 1.80000000e+00  6.46152454e-01  1.00000000e+00  5.49000000e+02 
 1.80000000e+00  6.67481280e-01  1.00000000e+00  5.50000000e+02 
 1.80000000e+00  6.67719549e-01  1.00000000e+00  5.51000000e+02 
 1.80000000e+00  6.22269378e-01  1.00000000e+00  5.52000000e+02 
 1.80000000e+00  7.05644080e-01  1.00000000e+00  5.53000000e+02 
 1.80000000e+00  6.63135671e-01  1.00000000e+00  5.54000000e+02 
 1.80000000e+00  6.39651877e-01  1.00000000e+00  5.55000000e+02 
 1.80000000e+00  6.55752813e-01  1.00000000e+00  5.56000000e+02 
 1.80000000e+00  6.30025421e-01  1.00000000e+00  5.57000000e+02 
 1.80000000e+00  6.25812059e-01  1.00000000e+00  5.58000000e+02 
 1.80000000e+00  6.65714822e-01  1.00000000e+00  5.59000000e+02 
 1.80000000e+00  6.58747246e-01  1.00000000e+00  5.60000000e+02 
 1.80000000e+00  6.65966403e-01  1.00000000e+00  5.61000000e+02 
 1.80000000e+00  6.75198026e-01  1.00000000e+00  5.62000000e+02 
 1.80000000e+00  6.38663251e-01  1.00000000e+00  5.63000000e+02 
 1.80000000e+00  6.20637713e-01  1.00000000e+00  5.64000000e+02 
 1.80000000e+00  6.37820226e-01  1.00000000e+00  5.65000000e+02 
 1.80000000e+00  6.73965074e-01  1.00000000e+00  5.66000000e+02 
 1.80000000e+00  6.19404622e-01  1.00000000e+00  5.67000000e+02 
 1.80000000e+00  1.52606106e-06  1.00000000e+00  5.68000000e+02 
 1.80000000e+00  6.37611925e-01  1.00000000e+00  5.69000000e+02 
 1.80000000e+00  6.43644357e-01  1.00000000e+00  5.70000000e+02 
 1.80000000e+00  6.25896558e-01  1.00000000e+00  5.71000000e+02 
 1.80000000e+00  7.10295775e-01  1.00000000e+00  5.72000000e+02 
 1.80000000e+00  6.59114198e-01  1.00000000e+00  5.73000000e+02 
 1.80000000e+00  6.44464707e-01  1.00000000e+00  5.74000000e+02 
 1.80000000e+00  5.90782484e-01  1.00000000e+00  5.75000000e+02 
 1.80000000e+00  6.31790902e-01  1.00000000e+00  5.76000000e+02 
 1.80000000e+00  6.48796523e-01  1.00000000e+00  5.77000000e+02 
 1.80000000e+00  6.62893960e-01  1.00000000e+00  5.78000000e+02 
 1.80000000e+00  6.64732143e-01  1.00000000e+00  5.79000000e+02 
 1.80000000e+00  6.12583848e-01  1.00000000e+00  5.80000000e+02 
 1.80000000e+00  6.40090783e-01  1.00000000e+00  5.81000000e+02 
 1.80000000e+00  6.45514037e-01  1.00000000e+00  5.82000000e+02 
 1.80000000e+00  6.39642235e-01  1.00000000e+00  5.83000000e+02 
 1.80000000e+00  6.31755497e-01  1.00000000e+00  5.84000000e+02 
 1.80000000e+00  6.25212059e-01  1.00000000e+00  5.85000000e+02 
 1.80000000e+00  6.57612228e-01  1.00000000e+00  5.86000000e+02 
 1.80000000e+00  6.36837732e-01  1.00000000e+00  5.87000000e+02 
 1.80000000e+00  6.59394918e-01  1.00000000e+00  5.88000000e+02 
 1.80000000e+00  6.36033198e-01  1.00000000e+00  5.89000000e+02 
 1.80000000e+00  6.60964318e-01  1.00000000e+00  5.90000000e+02 
 1.80000000e+00  6.64580916e-01  1.00000000e+00  5.91000000e+02 
 1.80000000e+00  6.16932946e-01  1.00000000e+00  5.92000000e+02 
 1.80000000e+00  6.30978119e-01  1.00000000e+00  5.93000000e+02 
 1.80000000e+00  7.17664492e-01  1.00000000e+00  5.94000000e+02 
 1.80000000e+00  6.82882975e-01  1.00000000e+00  5.95000000e+02 
 1.80000000e+00  6.48980666e-01  1.00000000e+00  5.96000000e+02 
 1.80000000e+00  6.83664209e-01  1.00000000e+00  5.97000000e+02 
 1.80000000e+00  6.26156763e-01  1.00000000e+00  5.98000000e+02 
 1.80000000e+00  6.54285980e-01  1.00000000e+00  5.99000000e+02 
 1.80000000e+00  6.35712888e-01  1.00000000e+00  6.00000000e+02 
 1.80000000e+00  1.44899774e-06  1.00000000e+00  6.01000000e+02 
 1.80000000e+00  6.44914275e-01  1.00000000e+00  6.02000000e+02 
 1.80000000e+00  6.53215368e-01  1.00000000e+00  6.03000000e+02 
 1.80000000e+00  6.48980288e-01  1.00000000e+00  6.04000000e+02 
 1.80000000e+00  1.64503686e-01  1.00000000e+00  6.05000000e+02 
 1.80000000e+00  6.73482782e-01  1.00000000e+00  6.06000000e+02 
 1.80000000e+00  6.54896622e-01  1.00000000e+00  6.07000000e+02 
 1.80000000e+00 -9.60903044e+03  1.00000000e+00  6.08000000e+02 
 1.80000000e+00  6.83858096e-01  1.00000000e+00  6.09000000e+02 
 1.80000000e+00  6.24963410e-01  1.00000000e+00  6.10000000e+02 
 1.80000000e+00  6.15667440e-01  1.00000000e+00  6.11000000e+02 
 1.80000000e+00  6.61103774e-01  1.00000000e+00  6.12000000e+02 
 1.80000000e+00  6.46141722e-01  1.00000000e+00  6.13000000e+02 
 1.80000000e+00  6.42084097e-01  1.00000000e+00  6.14000000e+02 
 1.80000000e+00  6.48031757e-01  1.00000000e+00  6.15000000e+02 
 1.80000000e+00  6.33527600e-01  1.00000000e+00  6.16000000e+02 
 1.80000000e+00  5.95904344e-01  1.00000000e+00  6.17000000e+02 
 1.80000000e+00  6.45918323e-01  1.00000000e+00  6.18000000e+02 
 1.80000000e+00  6.88686693e-01  1.00000000e+00  6.19000000e+02 
 1.80000000e+00  6.35356977e-01  1.00000000e+00  6.20000000e+02 
 1.80000000e+00  6.72061621e-01  1.00000000e+00  6.21000000e+02 
 1.80000000e+00  6.81463844e-01  1.00000000e+00  6.22000000e+02 
 1.80000000e+00  6.68953305e-01  1.00000000e+00  6.23000000e+02 
 1.80000000e+00  6.64092256e-01  1.00000000e+00  6.24000000e+02 
 1.80000000e+00  6.36523831e-01  1.00000000e+00  6.25000000e+02 
 1.80000000e+00  6.77553597e-01  1.00000000e+00  6.26000000e+02 
 1.80000000e+00  6.70155635e-01  1.00000000e+00  6.27000000e+02 
 1.80000000e+00  6.57829571e-01  1.00000000e+00  6.28000000e+02 
 1.80000000e+00  6.31897418e-01  1.00000000e+00  6.29000000e+02 
 1.80000000e+00  6.72346918e-01  1.00000000e+00  6.30000000e+02 
 1.80000000e+00  6.50526519e-01  1.00000000e+00  6.31000000e+02 
 1.80000000e+00  6.50361382e-01  1.00000000e+00  6.32000000e+02 
 1.80000000e+00  6.44198786e-01  1.00000000e+00  6.33000000e+02 
 1.80000000e+00  6.59661970e-01  1.00000000e+00  6.34000000e+02 
 1.80000000e+00  6.40913942e-01  1.00000000e+00  6.35000000e+02 
 1.80000000e+00  6.38127665e-01  1.00000000e+00  6.36000000e+02 
 1.80000000e+00  6.63057568e-01  1.00000000e+00  6.37000000e+02 
 1.80000000e+00  6.52919112e-01  1.00000000e+00  6.38000000e+02 
 1.80000000e+00  6.42987639e-01  1.00000000e+00  6.39000000e+02 
 1.80000000e+00  6.61809268e-01  1.00000000e+00  6.40000000e+02 
 1.80000000e+00  6.03341768e-01  1.00000000e+00  6.41000000e+02 
 1.80000000e+00  6.57749925e-01  1.00000000e+00  6.42000000e+02 
 1.80000000e+00  6.36946710e-01  1.00000000e+00  6.43000000e+02 
 1.80000000e+00  6.70552866e-01  1.00000000e+00  6.44000000e+02 
 1.80000000e+00  6.79476960e-01  1.00000000e+00  6.45000000e+02 
 1.80000000e+00  1.43969513e-06  1.00000000e+00  6.46000000e+02 
 1.80000000e+00  6.46834735e-01  1.00000000e+00  6.47000000e+02 
 1.80000000e+00  6.42897338e-01  1.00000000e+00  6.48000000e+02 
 1.80000000e+00  6.17525751e-01  1.00000000e+00  6.49000000e+02 
 1.80000000e+00  6.70874667e-01  1.00000000e+00  6.50000000e+02 
 1.80000000e+00  6.60180205e-01  1.00000000e+00  6.51000000e+02 
 1.80000000e+00  6.37920319e-01  1.00000000e+00  6.52000000e+02 
 1.80000000e+00  6.49094395e-01  1.00000000e+00  6.53000000e+02 
 1.80000000e+00  6.39314689e-01  1.00000000e+00  6.54000000e+02 
 1.80000000e+00  6.74026073e-01  1.00000000e+00  6.55000000e+02 
 1.80000000e+00  6.56371590e-01  1.00000000e+00  6.56000000e+02 
 1.80000000e+00  6.71811822e-01  1.00000000e+00  6.57000000e+02 
 1.80000000e+00  6.86596394e-01  1.00000000e+00  6.58000000e+02 
 1.80000000e+00  6.86058767e-01  1.00000000e+00  6.59000000e+02 
 1.80000000e+00  1.48944005e-06  1.00000000e+00  6.60000000e+02 
 1.80000000e+00  6.29968983e-01  1.00000000e+00  6.61000000e+02 
 1.80000000e+00  6.81528037e-01  1.00000000e+00  6.62000000e+02 
 1.80000000e+00  6.34530607e-01  1.00000000e+00  6.63000000e+02 
 1.80000000e+00  6.55072715e-01  1.00000000e+00  6.64000000e+02 
 1.80000000e+00  6.72633009e-01  1.00000000e+00  6.65000000e+02 
 1.80000000e+00  6.50650772e-01  1.00000000e+00  6.66000000e+02 
 1.80000000e+00  6.83831825e-01  1.00000000e+00  6.67000000e+02 
 1.80000000e+00  6.69631977e-01  1.00000000e+00  6.68000000e+02 
 1.80000000e+00  1.63603999e+00  1.00000000e+00  6.69000000e+02 
 1.80000000e+00  6.63178607e-01  1.00000000e+00  6.70000000e+02 
 1.80000000e+00  6.72091176e-01  1.00000000e+00  6.71000000e+02 
 1.80000000e+00  6.05264133e-01  1.00000000e+00  6.72000000e+02 
 1.80000000e+00  6.75673149e-01  1.00000000e+00  6.73000000e+02 
 1.80000000e+00  6.64871800e-01  1.00000000e+00  6.74000000e+02 
 1.80000000e+00  6.63969683e-01  1.00000000e+00  6.75000000e+02 
 1.80000000e+00  6.58534323e-01  1.00000000e+00  6.76000000e+02 
 1.80000000e+00  6.40333847e-01  1.00000000e+00  6.77000000e+02 
 1.80000000e+00  6.52682950e-01  1.00000000e+00  6.78000000e+02 
 1.80000000e+00  6.56021436e-01  1.00000000e+00  6.79000000e+02 
 1.80000000e+00  6.38867103e-01  1.00000000e+00  6.80000000e+02 
 1.80000000e+00  6.57206905e-01  1.00000000e+00  6.81000000e+02 
 1.80000000e+00  6.89920571e-01  1.00000000e+00  6.82000000e+02 
 1.80000000e+00  6.53355434e-01  1.00000000e+00  6.83000000e+02 
 1.80000000e+00  6.70954388e-01  1.00000000e+00  6.84000000e+02 
 1.80000000e+00  6.79132562e-01  1.00000000e+00  6.85000000e+02 
 1.80000000e+00  6.84060662e-01  1.00000000e+00  6.86000000e+02 
 1.80000000e+00  6.68801063e-01  1.00000000e+00  6.87000000e+02 
 1.80000000e+00  6.57418085e-01  1.00000000e+00  6.88000000e+02 
 1.80000000e+00  6.47506402e-01  1.00000000e+00  6.89000000e+02 
 1.80000000e+00  6.83542142e-01  1.00000000e+00  6.90000000e+02 
 1.80000000e+00  6.45156907e-01  1.00000000e+00  6.91000000e+02 
 1.80000000e+00  6.70227333e-01  1.00000000e+00  6.92000000e+02 
 1.80000000e+00  6.11116820e-01  1.00000000e+00  6.93000000e+02 
 1.80000000e+00  6.28889623e-01  1.00000000e+00  6.94000000e+02 
 1.80000000e+00  6.65572636e-01  1.00000000e+00  6.95000000e+02 
 1.80000000e+00  6.55813948e-01  1.00000000e+00  6.96000000e+02 
 1.80000000e+00  6.38781621e-01  1.00000000e+00  6.97000000e+02 
 1.80000000e+00  6.54117416e-01  1.00000000e+00  6.98000000e+02 
 1.80000000e+00  6.45838394e-01  1.00000000e+00  6.99000000e+02 
 1.80000000e+00  6.32746673e-01  1.00000000e+00  7.00000000e+02 
 1.80000000e+00  6.79879706e-01  1.00000000e+00  7.01000000e+02 
 1.80000000e+00  6.68229152e-01  1.00000000e+00  7.02000000e+02 
 1.80000000e+00  6.45890776e-01  1.00000000e+00  7.03000000e+02 
 1.80000000e+00  6.42696483e-01  1.00000000e+00  7.04000000e+02 
 1.80000000e+00  6.34459706e-01  1.00000000e+00  7.05000000e+02 
 1.80000000e+00  6.93927975e-01  1.00000000e+00  7.06000000e+02 
 1.80000000e+00  1.59396427e+00  1.00000000e+00  7.07000000e+02 
 1.80000000e+00  6.68944837e-01  1.00000000e+00  7.08000000e+02 
 1.80000000e+00  6.52923562e-01  1.00000000e+00  7.09000000e+02 
 1.80000000e+00  6.35018142e-01  1.00000000e+00  7.10000000e+02 
 1.80000000e+00  6.59372245e-01  1.00000000e+00  7.11000000e+02 
 1.80000000e+00  6.73150346e-01  1.00000000e+00  7.12000000e+02 
 1.80000000e+00  6.74555233e-01  1.00000000e+00  7.13000000e+02 
 1.80000000e+00  6.68196272e-01  1.00000000e+00  7.14000000e+02 
 1.80000000e+00  6.80414081e-01  1.00000000e+00  7.15000000e+02 
 1.80000000e+00  6.45951716e-01  1.00000000e+00  7.16000000e+02 
 1.80000000e+00  6.40439641e-01  1.00000000e+00  7.17000000e+02 
 1.80000000e+00  6.63189682e-01  1.00000000e+00  7.18000000e+02 
 1.80000000e+00  6.53874488e-01  1.00000000e+00  7.19000000e+02 
 1.80000000e+00  6.43584918e-01  1.00000000e+00  7.20000000e+02 
 1.80000000e+00  6.50290169e-01  1.00000000e+00  7.21000000e+02 
 1.80000000e+00  6.22744140e-01  1.00000000e+00  7.22000000e+02 
 1.80000000e+00  6.42277617e-01  1.00000000e+00  7.23000000e+02 
 1.80000000e+00  6.25646542e-01  1.00000000e+00  7.24000000e+02 
 1.80000000e+00  6.62510336e-01  1.00000000e+00  7.25000000e+02 
 1.80000000e+00  6.07693904e-01  1.00000000e+00  7.26000000e+02 
 1.80000000e+00  6.74213278e-01  1.00000000e+00  7.27000000e+02 
 1.80000000e+00 -9.72498438e+03  1.00000000e+00  7.28000000e+02 
 1.80000000e+00  6.64832488e-01  1.00000000e+00  7.29000000e+02 
 1.80000000e+00  6.01684055e-01  1.00000000e+00  7.30000000e+02 
 1.80000000e+00  6.21920460e-01  1.00000000e+00  7.31000000e+02 
 1.80000000e+00  6.40537318e-01  1.00000000e+00  7.32000000e+02 
 1.80000000e+00  1.63916351e+00  1.00000000e+00  7.33000000e+02 
 1.80000000e+00  6.74487137e-01  1.00000000e+00  7.34000000e+02 
 1.80000000e+00  6.79342594e-01  1.00000000e+00  7.35000000e+02 
 1.80000000e+00  6.14406852e-01  1.00000000e+00  7.36000000e+02 
 1.80000000e+00  6.45184043e-01  1.00000000e+00  7.37000000e+02 
 1.80000000e+00  6.44088037e-01  1.00000000e+00  7.38000000e+02 
 1.80000000e+00  6.48538425e-01  1.00000000e+00  7.39000000e+02 
 1.80000000e+00  6.76512192e-01  1.00000000e+00  7.40000000e+02 
 1.80000000e+00  6.95145181e-01  1.00000000e+00  7.41000000e+02 
 1.80000000e+00  6.57106601e-01  1.00000000e+00  7.42000000e+02 
 1.80000000e+00  6.70007713e-01  1.00000000e+00  7.43000000e+02 
 1.80000000e+00  6.58932880e-01  1.00000000e+00  7.44000000e+02 
 1.80000000e+00  6.68954640e-01  1.00000000e+00  7.45000000e+02 
 1.80000000e+00  6.95053028e-01  1.00000000e+00  7.46000000e+02 
 1.80000000e+00  6.57757296e-01  1.00000000e+00  7.47000000e+02 
 1.80000000e+00  6.62398740e-01  1.00000000e+00  7.48000000e+02 
 1.80000000e+00  6.11344156e-01  1.00000000e+00  7.49000000e+02 
 1.80000000e+00  6.47088341e-01  1.00000000e+00  7.50000000e+02 
 1.80000000e+00  6.43411727e-01  1.00000000e+00  7.51000000e+02 
 1.80000000e+00  6.65977899e-01  1.00000000e+00  7.52000000e+02 
 1.80000000e+00  6.68246219e-01  1.00000000e+00  7.53000000e+02 
 1.80000000e+00  6.61758214e-01  1.00000000e+00  7.54000000e+02 
 1.80000000e+00  6.53395362e-01  1.00000000e+00  7.55000000e+02 
 1.80000000e+00  6.03707331e-01  1.00000000e+00  7.56000000e+02 
 1.80000000e+00  6.22885239e-01  1.00000000e+00  7.57000000e+02 
 1.80000000e+00  6.46326199e-01  1.00000000e+00  7.58000000e+02 
 1.80000000e+00  1.59624070e+00  1.00000000e+00  7.59000000e+02 
 1.80000000e+00  6.68880867e-01  1.00000000e+00  7.60000000e+02 
 1.80000000e+00  6.71487412e-01  1.00000000e+00  7.61000000e+02 
 1.80000000e+00  6.34013301e-01  1.00000000e+00  7.62000000e+02 
 1.80000000e+00  3.03401286e-01  1.00000000e+00  7.63000000e+02 
 1.80000000e+00  6.40662245e-01  1.00000000e+00  7.64000000e+02 
 1.80000000e+00  6.63202022e-01  1.00000000e+00  7.65000000e+02 
 1.80000000e+00  6.58431000e-01  1.00000000e+00  7.66000000e+02 
 1.80000000e+00  6.66783509e-01  1.00000000e+00  7.67000000e+02 
 1.80000000e+00  6.90500525e-01  1.00000000e+00  7.68000000e+02 
 1.80000000e+00  6.36399058e-01  1.00000000e+00  7.69000000e+02 
 1.80000000e+00  6.69386042e-01  1.00000000e+00  7.70000000e+02 
 1.80000000e+00  6.03148561e-01  1.00000000e+00  7.71000000e+02 
 1.80000000e+00  6.62665373e-01  1.00000000e+00  7.72000000e+02 
 1.80000000e+00  6.56929238e-01  1.00000000e+00  7.73000000e+02 
 1.80000000e+00  6.49576726e-01  1.00000000e+00  7.74000000e+02 
 1.80000000e+00  6.98258509e-01  1.00000000e+00  7.75000000e+02 
 1.80000000e+00  6.62901004e-01  1.00000000e+00  7.76000000e+02 
 1.80000000e+00  6.47491162e-01  1.00000000e+00  7.77000000e+02 
 1.80000000e+00  6.58183750e-01  1.00000000e+00  7.78000000e+02 
 1.80000000e+00  6.14645973e-01  1.00000000e+00  7.79000000e+02 
 1.80000000e+00  6.17588950e-01  1.00000000e+00  7.80000000e+02 
 1.80000000e+00  6.46989228e-01  1.00000000e+00  7.81000000e+02 
 1.80000000e+00  6.61024497e-01  1.00000000e+00  7.82000000e+02 
 1.80000000e+00  6.29410281e-01  1.00000000e+00  7.83000000e+02 
 1.80000000e+00  6.37948932e-01  1.00000000e+00  7.84000000e+02 
 1.80000000e+00  6.38403266e-01  1.00000000e+00  7.85000000e+02 
 1.80000000e+00  6.65905825e-01  1.00000000e+00  7.86000000e+02 
 1.80000000e+00  6.17243190e-01  1.00000000e+00  7.87000000e+02 
 1.80000000e+00  6.44440344e-01  1.00000000e+00  7.88000000e+02 
 1.80000000e+00  6.72106553e-01  1.00000000e+00  7.89000000e+02 
 1.80000000e+00  6.22162918e-01  1.00000000e+00  7.90000000e+02 
 1.80000000e+00  6.28100872e-01  1.00000000e+00  7.91000000e+02 
 1.80000000e+00  6.14028409e-01  1.00000000e+00  7.92000000e+02 
 1.80000000e+00  6.61829861e-01  1.00000000e+00  7.93000000e+02 
 1.80000000e+00  6.38077260e-01  1.00000000e+00  7.94000000e+02 
 1.80000000e+00  6.82437054e-01  1.00000000e+00  7.95000000e+02 
 1.80000000e+00  6.49270910e-01  1.00000000e+00  7.96000000e+02 
 1.80000000e+00 -9.66078714e+03  1.00000000e+00  7.97000000e+02 
 1.80000000e+00  6.65674402e-01  1.00000000e+00  7.98000000e+02 
 1.80000000e+00  6.50268259e-01  1.00000000e+00  7.99000000e+02 
 1.80000000e+00  6.31884471e-01  1.00000000e+00  8.00000000e+02 
 1.80000000e+00  6.58119964e-01  1.00000000e+00  8.01000000e+02 
 1.80000000e+00  6.34147698e-01  1.00000000e+00  8.02000000e+02 
 1.80000000e+00  6.33049554e-01  1.00000000e+00  8.03000000e+02 
 1.80000000e+00  6.43215003e-01  1.00000000e+00  8.04000000e+02 
 1.80000000e+00  6.55681455e-01  1.00000000e+00  8.05000000e+02 
 1.80000000e+00  6.56943788e-01  1.00000000e+00  8.06000000e+02 
 1.80000000e+00  6.57642389e-01  1.00000000e+00  8.07000000e+02 
 1.80000000e+00  6.44306712e-01  1.00000000e+00  8.08000000e+02 
 1.80000000e+00  6.65577254e-01  1.00000000e+00  8.09000000e+02 
 1.80000000e+00  6.15655573e-01  1.00000000e+00  8.10000000e+02 
 1.80000000e+00  5.54377831e-02  1.00000000e+00  8.11000000e+02 
 1.80000000e+00  6.59900599e-01  1.00000000e+00  8.12000000e+02 
 1.80000000e+00  6.57535086e-01  1.00000000e+00  8.13000000e+02 
 1.80000000e+00  6.72112735e-01  1.00000000e+00  8.14000000e+02 
 1.80000000e+00  6.13865244e-01  1.00000000e+00  8.15000000e+02 
 1.80000000e+00  6.45403606e-01  1.00000000e+00  8.16000000e+02 
 1.80000000e+00  6.24449541e-01  1.00000000e+00  8.17000000e+02 
 1.80000000e+00  6.93849797e-01  1.00000000e+00  8.18000000e+02 
 1.80000000e+00  6.87590573e-01  1.00000000e+00  8.19000000e+02 
 1.80000000e+00  6.45576243e-01  1.00000000e+00  8.20000000e+02 
 1.80000000e+00  5.98844142e-01  1.00000000e+00  8.21000000e+02 
 1.80000000e+00  6.60308093e-01  1.00000000e+00  8.22000000e+02 
 1.80000000e+00  6.46856979e-01  1.00000000e+00  8.23000000e+02 
 1.80000000e+00  6.10281019e-01  1.00000000e+00  8.24000000e+02 
 1.80000000e+00  6.77945980e-01  1.00000000e+00  8.25000000e+02 
 1.80000000e+00  6.56916140e-01  1.00000000e+00  8.26000000e+02 
 1.80000000e+00  6.51452236e-01  1.00000000e+00  8.27000000e+02 
 1.80000000e+00  6.41156164e-01  1.00000000e+00  8.28000000e+02 
 1.80000000e+00  6.25460852e-01  1.00000000e+00  8.29000000e+02 
 1.80000000e+00  6.64130632e-01  1.00000000e+00  8.30000000e+02 
 1.80000000e+00 -9.71288007e+03  1.00000000e+00  8.31000000e+02 
 1.80000000e+00  6.94535170e-01  1.00000000e+00  8.32000000e+02 
 1.80000000e+00  6.91293994e-01  1.00000000e+00  8.33000000e+02 
 1.80000000e+00  6.42168331e-01  1.00000000e+00  8.34000000e+02 
 1.80000000e+00  6.51940512e-01  1.00000000e+00  8.35000000e+02 
 1.80000000e+00  6.68717881e-01  1.00000000e+00  8.36000000e+02 
 1.80000000e+00  6.55546053e-01  1.00000000e+00  8.37000000e+02 
 1.80000000e+00  7.49895075e-02  1.00000000e+00  8.38000000e+02 
 1.80000000e+00  6.39196277e-01  1.00000000e+00  8.39000000e+02 
 1.80000000e+00  6.66149717e-01  1.00000000e+00  8.40000000e+02 
 1.80000000e+00  6.25836949e-01  1.00000000e+00  8.41000000e+02 
 1.80000000e+00  6.95464933e-01  1.00000000e+00  8.42000000e+02 
 1.80000000e+00  6.76881625e-01  1.00000000e+00  8.43000000e+02 
 1.80000000e+00  6.52761835e-01  1.00000000e+00  8.44000000e+02 
 1.80000000e+00  6.60560638e-01  1.00000000e+00  8.45000000e+02 
 1.80000000e+00  6.77002999e-01  1.00000000e+00  8.46000000e+02 
 1.80000000e+00  6.44573164e-01  1.00000000e+00  8.47000000e+02 
 1.80000000e+00  6.74589872e-01  1.00000000e+00  8.48000000e+02 
 1.80000000e+00  6.61842976e-01  1.00000000e+00  8.49000000e+02 
 1.80000000e+00  6.32222571e-01  1.00000000e+00  8.50000000e+02 
 1.80000000e+00  6.59403750e-01  1.00000000e+00  8.51000000e+02 
 1.80000000e+00  6.38778068e-01  1.00000000e+00  8.52000000e+02 
 1.80000000e+00  6.63309302e-01  1.00000000e+00  8.53000000e+02 
 1.80000000e+00  6.47535869e-01  1.00000000e+00  8.54000000e+02 
 1.80000000e+00  1.59395264e+00  1.00000000e+00  8.55000000e+02 
 1.80000000e+00  6.83723054e-01  1.00000000e+00  8.56000000e+02 
 1.80000000e+00  6.51331895e-01  1.00000000e+00  8.57000000e+02 
 1.80000000e+00  6.42969500e-01  1.00000000e+00  8.58000000e+02 
 1.80000000e+00  6.23768209e-01  1.00000000e+00  8.59000000e+02 
 1.80000000e+00  6.50626823e-01  1.00000000e+00  8.60000000e+02 
 1.80000000e+00  6.27781752e-01  1.00000000e+00  8.61000000e+02 
 1.80000000e+00  6.65496455e-01  1.00000000e+00  8.62000000e+02 
 1.80000000e+00  6.76678967e-01  1.00000000e+00  8.63000000e+02 
 1.80000000e+00  6.50694322e-01  1.00000000e+00  8.64000000e+02 
 1.80000000e+00  6.69490830e-01  1.00000000e+00  8.65000000e+02 
 1.80000000e+00  6.30899124e-01  1.00000000e+00  8.66000000e+02 
 1.80000000e+00  6.20830855e-01  1.00000000e+00  8.67000000e+02 
 1.80000000e+00  6.12260063e-01  1.00000000e+00  8.68000000e+02 
 1.80000000e+00  6.50462117e-01  1.00000000e+00  8.69000000e+02 
 1.80000000e+00  6.33405863e-01  1.00000000e+00  8.70000000e+02 
 1.80000000e+00  6.35249840e-01  1.00000000e+00  8.71000000e+02 
 1.80000000e+00  6.55690361e-01  1.00000000e+00  8.72000000e+02 
 1.80000000e+00  6.65063387e-01  1.00000000e+00  8.73000000e+02 
 1.80000000e+00  6.66080828e-01  1.00000000e+00  8.74000000e+02 
 1.80000000e+00  6.41299984e-01  1.00000000e+00  8.75000000e+02 
 1.80000000e+00  6.65907484e-01  1.00000000e+00  8.76000000e+02 
 1.80000000e+00  6.72383677e-01  1.00000000e+00  8.77000000e+02 
 1.80000000e+00  6.59122873e-01  1.00000000e+00  8.78000000e+02 
 1.80000000e+00  6.48363241e-01  1.00000000e+00  8.79000000e+02 
 1.80000000e+00  6.81093385e-01  1.00000000e+00  8.80000000e+02 
 1.80000000e+00  6.93602508e-01  1.00000000e+00  8.81000000e+02 
 1.80000000e+00  6.32317812e-01  1.00000000e+00  8.82000000e+02 
 1.80000000e+00  1.44163219e-06  1.00000000e+00  8.83000000e+02 
 1.80000000e+00  6.56075095e-01  1.00000000e+00  8.84000000e+02 
 1.80000000e+00  6.82335987e-01  1.00000000e+00  8.85000000e+02 
 1.80000000e+00  6.68266614e-01  1.00000000e+00  8.86000000e+02 
 1.80000000e+00  6.74115053e-01  1.00000000e+00  8.87000000e+02 
 1.80000000e+00  6.63965566e-01  1.00000000e+00  8.88000000e+02 
 1.80000000e+00  6.90653037e-01  1.00000000e+00  8.89000000e+02 
 1.80000000e+00  6.45746362e-01  1.00000000e+00  8.90000000e+02 
 1.80000000e+00  6.43455717e-01  1.00000000e+00  8.91000000e+02 
 1.80000000e+00  6.67387819e-01  1.00000000e+00  8.92000000e+02 
 1.80000000e+00  6.68049309e-01  1.00000000e+00  8.93000000e+02 
 1.80000000e+00  6.77084712e-01  1.00000000e+00  8.94000000e+02 
 1.80000000e+00  7.04892014e-01  1.00000000e+00  8.95000000e+02 
 1.80000000e+00  6.46622512e-01  1.00000000e+00  8.96000000e+02 
 1.80000000e+00  6.22867049e-01  1.00000000e+00  8.97000000e+02 
 1.80000000e+00  6.46013760e-01  1.00000000e+00  8.98000000e+02 
 1.80000000e+00  6.87466356e-01  1.00000000e+00  8.99000000e+02 
 1.80000000e+00  6.28167900e-01  1.00000000e+00  9.00000000e+02 
 1.80000000e+00  6.58756178e-01  1.00000000e+00  9.01000000e+02 
 1.80000000e+00  6.79206802e-01  1.00000000e+00  9.02000000e+02 
 1.80000000e+00  6.45533219e-01  1.00000000e+00  9.03000000e+02 
 1.80000000e+00  6.66373697e-01  1.00000000e+00  9.04000000e+02 
 1.80000000e+00  6.49736534e-01  1.00000000e+00  9.05000000e+02 
 1.80000000e+00  7.00765275e-01  1.00000000e+00  9.06000000e+02 
 1.80000000e+00  6.69966694e-01  1.00000000e+00  9.07000000e+02 
 1.80000000e+00  6.61305192e-01  1.00000000e+00  9.08000000e+02 
 1.80000000e+00  6.19340450e-01  1.00000000e+00  9.09000000e+02 
 1.80000000e+00  6.48500379e-01  1.00000000e+00  9.10000000e+02 
 1.80000000e+00  9.39953745e-02  1.00000000e+00  9.11000000e+02 
 1.80000000e+00  1.63342772e+00  1.00000000e+00  9.12000000e+02 
 1.80000000e+00  6.52174494e-01  1.00000000e+00  9.13000000e+02 
 1.80000000e+00  6.43116982e-01  1.00000000e+00  9.14000000e+02 
 1.80000000e+00  6.41040116e-01  1.00000000e+00  9.15000000e+02 
 1.80000000e+00  6.54843596e-01  1.00000000e+00  9.16000000e+02 
 1.80000000e+00  6.08188923e-01  1.00000000e+00  9.17000000e+02 
 1.80000000e+00  6.28216570e-01  1.00000000e+00  9.18000000e+02 
 1.80000000e+00  6.88225696e-01  1.00000000e+00  9.19000000e+02 
 1.80000000e+00  6.62487071e-01  1.00000000e+00  9.20000000e+02 
 1.80000000e+00  6.31399034e-01  1.00000000e+00  9.21000000e+02 
 1.80000000e+00  6.23872149e-01  1.00000000e+00  9.22000000e+02 
 1.80000000e+00  6.71511190e-01  1.00000000e+00  9.23000000e+02 
 1.80000000e+00  6.79700174e-01  1.00000000e+00  9.24000000e+02 
 1.80000000e+00  6.60015336e-01  1.00000000e+00  9.25000000e+02 
 1.80000000e+00  6.60766470e-01  1.00000000e+00  9.26000000e+02 
 1.80000000e+00  6.83098093e-01  1.00000000e+00  9.27000000e+02 
 1.80000000e+00  6.56160673e-01  1.00000000e+00  9.28000000e+02 
 1.80000000e+00  6.32552281e-01  1.00000000e+00  9.29000000e+02 
 1.80000000e+00  6.37097309e-01  1.00000000e+00  9.30000000e+02 
 1.80000000e+00  6.58506740e-01  1.00000000e+00  9.31000000e+02 
 1.80000000e+00  6.71153381e-01  1.00000000e+00  9.32000000e+02 
 1.80000000e+00  6.26797641e-01  1.00000000e+00  9.33000000e+02 
 1.80000000e+00  6.75789218e-01  1.00000000e+00  9.34000000e+02 
 1.80000000e+00  6.50097533e-01  1.00000000e+00  9.35000000e+02 
 1.80000000e+00  6.43389468e-01  1.00000000e+00  9.36000000e+02 
 1.80000000e+00  6.31083991e-01  1.00000000e+00  9.37000000e+02 
 1.80000000e+00  6.41089900e-01  1.00000000e+00  9.38000000e+02 
 1.80000000e+00 -9.69645365e+03  1.00000000e+00  9.39000000e+02 
 1.80000000e+00  6.15315779e-01  1.00000000e+00  9.40000000e+02 
 1.80000000e+00  6.35340805e-01  1.00000000e+00  9.41000000e+02 
 1.80000000e+00  6.59711575e-01  1.00000000e+00  9.42000000e+02 
 1.80000000e+00  6.52762008e-01  1.00000000e+00  9.43000000e+02 
 1.80000000e+00  6.39684315e-01  1.00000000e+00  9.44000000e+02 
 1.80000000e+00  6.83039638e-01  1.00000000e+00  9.45000000e+02 
 1.80000000e+00  6.88726546e-01  1.00000000e+00  9.46000000e+02 
 1.80000000e+00  6.41264830e-01  1.00000000e+00  9.47000000e+02 
 1.80000000e+00  1.43784549e-06  1.00000000e+00  9.48000000e+02 
 1.80000000e+00  6.06970491e-01  1.00000000e+00  9.49000000e+02 
 1.80000000e+00  6.20531268e-01  1.00000000e+00  9.50000000e+02 
 1.80000000e+00  6.33551679e-01  1.00000000e+00  9.51000000e+02 
 1.80000000e+00  6.56686214e-01  1.00000000e+00  9.52000000e+02 
 1.80000000e+00  6.49150217e-01  1.00000000e+00  9.53000000e+02 
 1.80000000e+00  6.81154640e-01  1.00000000e+00  9.54000000e+02 
 1.80000000e+00  6.66953122e-01  1.00000000e+00  9.55000000e+02 
 1.80000000e+00  6.58890959e-01  1.00000000e+00  9.56000000e+02 
 1.80000000e+00  6.69849757e-01  1.00000000e+00  9.57000000e+02 
 1.80000000e+00  6.55641055e-01  1.00000000e+00  9.58000000e+02 
 1.80000000e+00  6.36517358e-01  1.00000000e+00  9.59000000e+02 
 1.80000000e+00  6.28622861e-01  1.00000000e+00  9.60000000e+02 
 1.80000000e+00  6.35071265e-01  1.00000000e+00  9.61000000e+02 
 1.80000000e+00  6.49394991e-01  1.00000000e+00  9.62000000e+02 
 1.80000000e+00  6.63312471e-01  1.00000000e+00  9.63000000e+02 
 1.80000000e+00  6.33589562e-01  1.00000000e+00  9.64000000e+02 
 1.80000000e+00  6.70215200e-01  1.00000000e+00  9.65000000e+02 
 1.80000000e+00  6.43589517e-01  1.00000000e+00  9.66000000e+02 
 1.80000000e+00  6.67047717e-01  1.00000000e+00  9.67000000e+02 
 1.80000000e+00  6.62808701e-01  1.00000000e+00  9.68000000e+02 
 1.80000000e+00  6.42900519e-01  1.00000000e+00  9.69000000e+02 
 1.80000000e+00  6.64992025e-01  1.00000000e+00  9.70000000e+02 
 1.80000000e+00  1.73762018e+00  1.00000000e+00  9.71000000e+02 
 1.80000000e+00  6.31483692e-01  1.00000000e+00  9.72000000e+02 
 1.80000000e+00  6.58872510e-01  1.00000000e+00  9.73000000e+02 
 1.80000000e+00  6.11377448e-01  1.00000000e+00  9.74000000e+02 
 1.80000000e+00  6.45621467e-01  1.00000000e+00  9.75000000e+02 
 1.80000000e+00  1.64664528e+00  1.00000000e+00  9.76000000e+02 
 1.80000000e+00  6.66147361e-01  1.00000000e+00  9.77000000e+02 
 1.80000000e+00  6.34822663e-01  1.00000000e+00  9.78000000e+02 
 1.80000000e+00  6.48605888e-01  1.00000000e+00  9.79000000e+02 
 1.80000000e+00  6.44787491e-01  1.00000000e+00  9.80000000e+02 
 1.80000000e+00  6.77038810e-01  1.00000000e+00  9.81000000e+02 
 1.80000000e+00  6.62895907e-01  1.00000000e+00  9.82000000e+02 
 1.80000000e+00  6.33089065e-01  1.00000000e+00  9.83000000e+02 
 1.80000000e+00  6.88317423e-01  1.00000000e+00  9.84000000e+02 
 1.80000000e+00  6.36770881e-01  1.00000000e+00  9.85000000e+02 
 1.80000000e+00  6.03032672e-01  1.00000000e+00  9.86000000e+02 
 1.80000000e+00  6.54398051e-01  1.00000000e+00  9.87000000e+02 
 1.80000000e+00  6.61524482e-01  1.00000000e+00  9.88000000e+02 
 1.80000000e+00  6.69637291e-01  1.00000000e+00  9.89000000e+02 
 1.80000000e+00  6.63224383e-01  1.00000000e+00  9.90000000e+02 
 1.80000000e+00  6.63695874e-01  1.00000000e+00  9.91000000e+02 
 1.80000000e+00  6.68111611e-01  1.00000000e+00  9.92000000e+02 
 1.80000000e+00  6.37322766e-01  1.00000000e+00  9.93000000e+02 
 1.80000000e+00  6.27325831e-01  1.00000000e+00  9.94000000e+02 
 1.80000000e+00  6.88637384e-01  1.00000000e+00  9.95000000e+02 
 1.80000000e+00  1.64162009e+00  1.00000000e+00  9.96000000e+02 
 1.80000000e+00  6.96435018e-01  1.00000000e+00  9.97000000e+02 
 1.80000000e+00  6.35984012e-01  1.00000000e+00  9.98000000e+02 
 1.80000000e+00  6.64255273e-01  1.00000000e+00  9.99000000e+02 
