 1.80000000e+00  6.58774779e-01  1.00000000e+00  0.00000000e+00 
 1.80000000e+00  6.47521062e-01  1.00000000e+00  1.00000000e+00 
 1.80000000e+00  6.58976017e-01  1.00000000e+00  2.00000000e+00 
 1.80000000e+00  6.31850963e-01  1.00000000e+00  3.00000000e+00 
 1.80000000e+00  6.41213722e-01  1.00000000e+00  4.00000000e+00 
 1.80000000e+00  6.22590006e-01  1.00000000e+00  5.00000000e+00 
 1.80000000e+00  5.94276859e-01  1.00000000e+00  6.00000000e+00 
 1.80000000e+00  6.82872070e-01  1.00000000e+00  7.00000000e+00 
 1.80000000e+00  6.64653586e-01  1.00000000e+00  8.00000000e+00 
 1.80000000e+00  6.62571490e-01  1.00000000e+00  9.00000000e+00 
 1.80000000e+00  6.46044324e-01  1.00000000e+00  1.00000000e+01 
 1.80000000e+00  6.71584112e-01  1.00000000e+00  1.10000000e+01 
 1.80000000e+00  6.07972691e-01  1.00000000e+00  1.20000000e+01 
 1.80000000e+00  6.49033777e-01  1.00000000e+00  1.30000000e+01 
 1.80000000e+00  6.65320420e-01  1.00000000e+00  1.40000000e+01 
 1.80000000e+00  6.50228738e-01  1.00000000e+00  1.50000000e+01 
 1.80000000e+00  6.08995310e-01  1.00000000e+00  1.60000000e+01 
 1.80000000e+00  6.44728473e-01  1.00000000e+00  1.70000000e+01 
 1.80000000e+00  3.26174341e-06  1.00000000e+00  1.80000000e+01 
 1.80000000e+00  6.69786490e-01  1.00000000e+00  1.90000000e+01 
 1.80000000e+00  6.59607946e-01  1.00000000e+00  2.00000000e+01 
 1.80000000e+00  6.44765366e-01  1.00000000e+00  2.10000000e+01 
 1.80000000e+00  6.96031878e-01  1.00000000e+00  2.20000000e+01 
 1.80000000e+00  6.16632705e-01  1.00000000e+00  2.30000000e+01 
 1.80000000e+00  6.46431635e-01  1.00000000e+00  2.40000000e+01 
 1.80000000e+00  1.59967411e+00  1.00000000e+00  2.50000000e+01 
 1.80000000e+00  6.47645911e-01  1.00000000e+00  2.60000000e+01 
 1.80000000e+00  3.97485997e-06  1.00000000e+00  2.70000000e+01 
 1.80000000e+00  6.74799655e-01  1.00000000e+00  2.80000000e+01 
 1.80000000e+00  6.83708468e-01  1.00000000e+00  2.90000000e+01 
 1.80000000e+00  6.57979301e-01  1.00000000e+00  3.00000000e+01 
 1.80000000e+00  6.63606061e-01  1.00000000e+00  3.10000000e+01 
 1.80000000e+00  6.44167681e-01  1.00000000e+00  3.20000000e+01 
 1.80000000e+00  6.30968510e-01  1.00000000e+00  3.30000000e+01 
 1.80000000e+00  6.58148892e-01  1.00000000e+00  3.40000000e+01 
 1.80000000e+00  6.17939809e-01  1.00000000e+00  3.50000000e+01 
 1.80000000e+00  6.12979769e-01  1.00000000e+00  3.60000000e+01 
 1.80000000e+00  6.75945828e-01  1.00000000e+00  3.70000000e+01 
 1.80000000e+00  6.54022529e-01  1.00000000e+00  3.80000000e+01 
 1.80000000e+00  6.47204552e-01  1.00000000e+00  3.90000000e+01 
 1.80000000e+00  6.46927497e-01  1.00000000e+00  4.00000000e+01 
 1.80000000e+00  6.55612650e-01  1.00000000e+00  4.10000000e+01 
 1.80000000e+00  6.66777449e-01  1.00000000e+00  4.20000000e+01 
 1.80000000e+00  6.57201066e-01  1.00000000e+00  4.30000000e+01 
 1.80000000e+00  6.29337469e-01  1.00000000e+00  4.40000000e+01 
 1.80000000e+00  6.57593346e-01  1.00000000e+00  4.50000000e+01 
 1.80000000e+00  6.61029823e-01  1.00000000e+00  4.60000000e+01 
 1.80000000e+00  6.85194975e-01  1.00000000e+00  4.70000000e+01 
 1.80000000e+00  6.67562748e-01  1.00000000e+00  4.80000000e+01 
 1.80000000e+00  6.55302651e-01  1.00000000e+00  4.90000000e+01 
 1.80000000e+00  6.49072095e-01  1.00000000e+00  5.00000000e+01 
 1.80000000e+00  6.57441849e-01  1.00000000e+00  5.10000000e+01 
 1.80000000e+00  6.75363741e-01  1.00000000e+00  5.20000000e+01 
 1.80000000e+00  6.25066152e-01  1.00000000e+00  5.30000000e+01 
 1.80000000e+00  6.50649277e-01  1.00000000e+00  5.40000000e+01 
 1.80000000e+00  6.41273418e-01  1.00000000e+00  5.50000000e+01 
 1.80000000e+00  4.57237729e-06  1.00000000e+00  5.60000000e+01 
 1.80000000e+00  6.08310162e-01  1.00000000e+00  5.70000000e+01 
 1.80000000e+00  6.81629318e-01  1.00000000e+00  5.80000000e+01 
 1.80000000e+00  6.44563582e-01  1.00000000e+00  5.90000000e+01 
 1.80000000e+00  6.48742842e-01  1.00000000e+00  6.00000000e+01 
 1.80000000e+00  6.57606555e-01  1.00000000e+00  6.10000000e+01 
 1.80000000e+00  6.36297276e-01  1.00000000e+00  6.20000000e+01 
 1.80000000e+00  6.35656996e-01  1.00000000e+00  6.30000000e+01 
 1.80000000e+00  6.53672881e-01  1.00000000e+00  6.40000000e+01 
 1.80000000e+00  6.49843971e-01  1.00000000e+00  6.50000000e+01 
 1.80000000e+00  6.42810345e-01  1.00000000e+00  6.60000000e+01 
 1.80000000e+00  6.36090798e-01  1.00000000e+00  6.70000000e+01 
 1.80000000e+00  6.25884310e-01  1.00000000e+00  6.80000000e+01 
 1.80000000e+00  6.79856911e-01  1.00000000e+00  6.90000000e+01 
 1.80000000e+00  6.51723957e-01  1.00000000e+00  7.00000000e+01 
 1.80000000e+00  6.68960959e-01  1.00000000e+00  7.10000000e+01 
 1.80000000e+00  6.51563950e-01  1.00000000e+00  7.20000000e+01 
 1.80000000e+00  6.02395193e-01  1.00000000e+00  7.30000000e+01 
 1.80000000e+00  6.88921160e-01  1.00000000e+00  7.40000000e+01 
 1.80000000e+00  6.73356007e-01  1.00000000e+00  7.50000000e+01 
 1.80000000e+00  6.49373039e-01  1.00000000e+00  7.60000000e+01 
 1.80000000e+00  6.45289229e-01  1.00000000e+00  7.70000000e+01 
 1.80000000e+00  6.36188993e-01  1.00000000e+00  7.80000000e+01 
 1.80000000e+00  6.49594500e-01  1.00000000e+00  7.90000000e+01 
 1.80000000e+00  6.56569949e-01  1.00000000e+00  8.00000000e+01 
 1.80000000e+00  6.30362156e-01  1.00000000e+00  8.10000000e+01 
 1.80000000e+00  6.17062149e-01  1.00000000e+00  8.20000000e+01 
 1.80000000e+00  6.71499859e-01  1.00000000e+00  8.30000000e+01 
 1.80000000e+00  6.66855582e-01  1.00000000e+00  8.40000000e+01 
 1.80000000e+00  5.97341752e-01  1.00000000e+00  8.50000000e+01 
 1.80000000e+00  6.35611423e-01  1.00000000e+00  8.60000000e+01 
 1.80000000e+00  6.71311509e-01  1.00000000e+00  8.70000000e+01 
 1.80000000e+00  6.31522991e-01  1.00000000e+00  8.80000000e+01 
 1.80000000e+00  6.63485742e-01  1.00000000e+00  8.90000000e+01 
 1.80000000e+00  6.35565268e-01  1.00000000e+00  9.00000000e+01 
 1.80000000e+00  1.59709844e+00  1.00000000e+00  9.10000000e+01 
 1.80000000e+00  6.70679319e-01  1.00000000e+00  9.20000000e+01 
 1.80000000e+00  6.95324671e-01  1.00000000e+00  9.30000000e+01 
 1.80000000e+00  6.12258465e-01  1.00000000e+00  9.40000000e+01 
 1.80000000e+00  6.26995649e-01  1.00000000e+00  9.50000000e+01 
 1.80000000e+00  6.45729122e-01  1.00000000e+00  9.60000000e+01 
 1.80000000e+00  6.58051505e-01  1.00000000e+00  9.70000000e+01 
 1.80000000e+00  6.49262597e-01  1.00000000e+00  9.80000000e+01 
 1.80000000e+00  6.20343803e-01  1.00000000e+00  9.90000000e+01 
 1.80000000e+00  2.16036207e-01  1.00000000e+00  1.00000000e+02 
 1.80000000e+00  6.29808641e-01  1.00000000e+00  1.01000000e+02 
 1.80000000e+00  6.88636048e-01  1.00000000e+00  1.02000000e+02 
 1.80000000e+00  6.85241128e-01  1.00000000e+00  1.03000000e+02 
 1.80000000e+00  6.60302801e-01  1.00000000e+00  1.04000000e+02 
 1.80000000e+00  6.38721367e-01  1.00000000e+00  1.05000000e+02 
 1.80000000e+00  6.13388214e-01  1.00000000e+00  1.06000000e+02 
 1.80000000e+00  6.71626394e-01  1.00000000e+00  1.07000000e+02 
 1.80000000e+00  6.56754660e-01  1.00000000e+00  1.08000000e+02 
 1.80000000e+00  6.34850706e-01  1.00000000e+00  1.09000000e+02 
 1.80000000e+00  6.78679477e-01  1.00000000e+00  1.10000000e+02 
 1.80000000e+00  6.57564135e-01  1.00000000e+00  1.11000000e+02 
 1.80000000e+00  6.77049465e-01  1.00000000e+00  1.12000000e+02 
 1.80000000e+00  6.20639414e-01  1.00000000e+00  1.13000000e+02 
 1.80000000e+00  6.61158680e-01  1.00000000e+00  1.14000000e+02 
 1.80000000e+00  6.66483998e-01  1.00000000e+00  1.15000000e+02 
 1.80000000e+00  6.38137495e-01  1.00000000e+00  1.16000000e+02 
 1.80000000e+00  6.60022672e-01  1.00000000e+00  1.17000000e+02 
 1.80000000e+00  2.10967199e-01  1.00000000e+00  1.18000000e+02 
 1.80000000e+00  6.91673857e-01  1.00000000e+00  1.19000000e+02 
 1.80000000e+00  6.78347466e-01  1.00000000e+00  1.20000000e+02 
 1.80000000e+00  6.09624376e-01  1.00000000e+00  1.21000000e+02 
 1.80000000e+00  6.35876497e-01  1.00000000e+00  1.22000000e+02 
 1.80000000e+00  6.56471802e-01  1.00000000e+00  1.23000000e+02 
 1.80000000e+00  6.56941173e-01  1.00000000e+00  1.24000000e+02 
 1.80000000e+00  6.76921746e-01  1.00000000e+00  1.25000000e+02 
 1.80000000e+00  6.91613926e-01  1.00000000e+00  1.26000000e+02 
 1.80000000e+00  6.89420329e-01  1.00000000e+00  1.27000000e+02 
 1.80000000e+00  6.15608388e-01  1.00000000e+00  1.28000000e+02 
 1.80000000e+00  6.85044226e-01  1.00000000e+00  1.29000000e+02 
 1.80000000e+00  6.78511267e-01  1.00000000e+00  1.30000000e+02 
 1.80000000e+00  6.74901068e-01  1.00000000e+00  1.31000000e+02 
 1.80000000e+00  1.59694300e+00  1.00000000e+00  1.32000000e+02 
 1.80000000e+00  6.45583222e-01  1.00000000e+00  1.33000000e+02 
 1.80000000e+00  6.38836930e-01  1.00000000e+00  1.34000000e+02 
 1.80000000e+00  6.30993784e-01  1.00000000e+00  1.35000000e+02 
 1.80000000e+00  6.77986355e-01  1.00000000e+00  1.36000000e+02 
 1.80000000e+00  6.86109462e-01  1.00000000e+00  1.37000000e+02 
 1.80000000e+00  6.42777552e-01  1.00000000e+00  1.38000000e+02 
 1.80000000e+00  6.50422345e-01  1.00000000e+00  1.39000000e+02 
 1.80000000e+00  6.52305412e-01  1.00000000e+00  1.40000000e+02 
 1.80000000e+00  6.91972780e-01  1.00000000e+00  1.41000000e+02 
 1.80000000e+00  6.90809384e-01  1.00000000e+00  1.42000000e+02 
 1.80000000e+00  6.69587369e-01  1.00000000e+00  1.43000000e+02 
 1.80000000e+00  6.56840774e-01  1.00000000e+00  1.44000000e+02 
 1.80000000e+00  6.46873772e-01  1.00000000e+00  1.45000000e+02 
 1.80000000e+00 -9.68088367e+03  1.00000000e+00  1.46000000e+02 
 1.80000000e+00  6.51190896e-01  1.00000000e+00  1.47000000e+02 
 1.80000000e+00  6.17620954e-01  1.00000000e+00  1.48000000e+02 
 1.80000000e+00  6.08819847e-01  1.00000000e+00  1.49000000e+02 
 1.80000000e+00  6.26872416e-01  1.00000000e+00  1.50000000e+02 
 1.80000000e+00  6.55043410e-01  1.00000000e+00  1.51000000e+02 
 1.80000000e+00  6.43419921e-01  1.00000000e+00  1.52000000e+02 
 1.80000000e+00  6.89034447e-01  1.00000000e+00  1.53000000e+02 
 1.80000000e+00  6.49758434e-01  1.00000000e+00  1.54000000e+02 
 1.80000000e+00  6.80248381e-01  1.00000000e+00  1.55000000e+02 
 1.80000000e+00  6.73880886e-01  1.00000000e+00  1.56000000e+02 
 1.80000000e+00  6.37498635e-01  1.00000000e+00  1.57000000e+02 
 1.80000000e+00  6.30744058e-01  1.00000000e+00  1.58000000e+02 
 1.80000000e+00  6.68504723e-01  1.00000000e+00  1.59000000e+02 
 1.80000000e+00  6.57038352e-01  1.00000000e+00  1.60000000e+02 
 1.80000000e+00  6.25982602e-01  1.00000000e+00  1.61000000e+02 
 1.80000000e+00  6.45354578e-01  1.00000000e+00  1.62000000e+02 
 1.80000000e+00  6.94988373e-01  1.00000000e+00  1.63000000e+02 
 1.80000000e+00  6.19851549e-01  1.00000000e+00  1.64000000e+02 
 1.80000000e+00  6.77812639e-01  1.00000000e+00  1.65000000e+02 
 1.80000000e+00  6.49787878e-01  1.00000000e+00  1.66000000e+02 
 1.80000000e+00  6.38470588e-01  1.00000000e+00  1.67000000e+02 
 1.80000000e+00  6.60944694e-01  1.00000000e+00  1.68000000e+02 
 1.80000000e+00  6.42305801e-01  1.00000000e+00  1.69000000e+02 
 1.80000000e+00  6.28998552e-01  1.00000000e+00  1.70000000e+02 
 1.80000000e+00  3.81520639e-02  1.00000000e+00  1.71000000e+02 
 1.80000000e+00  6.40081783e-01  1.00000000e+00  1.72000000e+02 
 1.80000000e+00  6.82705281e-01  1.00000000e+00  1.73000000e+02 
 1.80000000e+00  6.54286533e-01  1.00000000e+00  1.74000000e+02 
 1.80000000e+00  6.35781338e-01  1.00000000e+00  1.75000000e+02 
 1.80000000e+00  6.69776907e-01  1.00000000e+00  1.76000000e+02 
 1.80000000e+00  6.14215185e-01  1.00000000e+00  1.77000000e+02 
 1.80000000e+00  6.63462809e-01  1.00000000e+00  1.78000000e+02 
 1.80000000e+00  3.34228348e-06  1.00000000e+00  1.79000000e+02 
 1.80000000e+00  6.11466343e-01  1.00000000e+00  1.80000000e+02 
 1.80000000e+00  6.34516790e-01  1.00000000e+00  1.81000000e+02 
 1.80000000e+00  6.33530529e-01  1.00000000e+00  1.82000000e+02 
 1.80000000e+00  6.36737524e-01  1.00000000e+00  1.83000000e+02 
 1.80000000e+00  6.53930062e-01  1.00000000e+00  1.84000000e+02 
 1.80000000e+00  3.55258203e-06  1.00000000e+00  1.85000000e+02 
 1.80000000e+00  6.69058850e-01  1.00000000e+00  1.86000000e+02 
 1.80000000e+00  6.46135498e-01  1.00000000e+00  1.87000000e+02 
 1.80000000e+00  6.27167180e-01  1.00000000e+00  1.88000000e+02 
 1.80000000e+00  6.57896032e-01  1.00000000e+00  1.89000000e+02 
 1.80000000e+00  6.63052034e-01  1.00000000e+00  1.90000000e+02 
 1.80000000e+00  6.56404112e-01  1.00000000e+00  1.91000000e+02 
 1.80000000e+00  1.73365741e+00  1.00000000e+00  1.92000000e+02 
 1.80000000e+00  3.93585870e-03  1.00000000e+00  1.93000000e+02 
 1.80000000e+00  6.67076605e-01  1.00000000e+00  1.94000000e+02 
 1.80000000e+00  6.25254396e-01  1.00000000e+00  1.95000000e+02 
 1.80000000e+00  6.64027548e-01  1.00000000e+00  1.96000000e+02 
 1.80000000e+00  6.32488233e-01  1.00000000e+00  1.97000000e+02 
 1.80000000e+00  6.66022095e-01  1.00000000e+00  1.98000000e+02 
 1.80000000e+00  6.39885034e-01  1.00000000e+00  1.99000000e+02 
 1.80000000e+00  6.59066379e-01  1.00000000e+00  2.00000000e+02 
 1.80000000e+00  6.70465774e-01  1.00000000e+00  2.01000000e+02 
 1.80000000e+00  6.50311918e-01  1.00000000e+00  2.02000000e+02 
 1.80000000e+00  6.38763939e-01  1.00000000e+00  2.03000000e+02 
 1.80000000e+00  6.72229394e-01  1.00000000e+00  2.04000000e+02 
 1.80000000e+00  6.88543461e-01  1.00000000e+00  2.05000000e+02 
 1.80000000e+00  6.42955343e-01  1.00000000e+00  2.06000000e+02 
 1.80000000e+00  6.66796974e-01  1.00000000e+00  2.07000000e+02 
 1.80000000e+00  6.72233266e-01  1.00000000e+00  2.08000000e+02 
 1.80000000e+00  6.46545393e-01  1.00000000e+00  2.09000000e+02 
 1.80000000e+00  6.23287866e-01  1.00000000e+00  2.10000000e+02 
 1.80000000e+00  6.91940236e-01  1.00000000e+00  2.11000000e+02 
 1.80000000e+00  6.30333018e-01  1.00000000e+00  2.12000000e+02 
 1.80000000e+00  6.56271130e-01  1.00000000e+00  2.13000000e+02 
 1.80000000e+00  6.81148137e-01  1.00000000e+00  2.14000000e+02 
 1.80000000e+00  2.54764083e-01  1.00000000e+00  2.15000000e+02 
 1.80000000e+00  6.63394523e-01  1.00000000e+00  2.16000000e+02 
 1.80000000e+00  6.27859423e-01  1.00000000e+00  2.17000000e+02 
 1.80000000e+00  6.61781624e-01  1.00000000e+00  2.18000000e+02 
 1.80000000e+00  6.44683312e-01  1.00000000e+00  2.19000000e+02 
 1.80000000e+00  1.03342009e-01  1.00000000e+00  2.20000000e+02 
 1.80000000e+00  1.68205058e+00  1.00000000e+00  2.21000000e+02 
 1.80000000e+00  6.58780497e-01  1.00000000e+00  2.22000000e+02 
 1.80000000e+00  6.56282026e-01  1.00000000e+00  2.23000000e+02 
 1.80000000e+00 -1.00276683e+04  1.00000000e+00  2.24000000e+02 
 1.80000000e+00  6.30775491e-01  1.00000000e+00  2.25000000e+02 
 1.80000000e+00  6.54991522e-01  1.00000000e+00  2.26000000e+02 
 1.80000000e+00  6.32888618e-01  1.00000000e+00  2.27000000e+02 
 1.80000000e+00  6.24157426e-01  1.00000000e+00  2.28000000e+02 
 1.80000000e+00  6.34180758e-01  1.00000000e+00  2.29000000e+02 
 1.80000000e+00  6.60345209e-01  1.00000000e+00  2.30000000e+02 
 1.80000000e+00  7.03773161e-01  1.00000000e+00  2.31000000e+02 
 1.80000000e+00  6.48325989e-01  1.00000000e+00  2.32000000e+02 
 1.80000000e+00 -9.38445332e+03  1.00000000e+00  2.33000000e+02 
 1.80000000e+00  6.36537469e-01  1.00000000e+00  2.34000000e+02 
 1.80000000e+00  6.24597120e-01  1.00000000e+00  2.35000000e+02 
 1.80000000e+00  6.84620496e-01  1.00000000e+00  2.36000000e+02 
 1.80000000e+00  6.75419853e-01  1.00000000e+00  2.37000000e+02 
 1.80000000e+00  6.38165516e-01  1.00000000e+00  2.38000000e+02 
 1.80000000e+00  6.09031870e-01  1.00000000e+00  2.39000000e+02 
 1.80000000e+00  6.60563767e-01  1.00000000e+00  2.40000000e+02 
 1.80000000e+00  6.32052641e-01  1.00000000e+00  2.41000000e+02 
 1.80000000e+00  6.83466971e-01  1.00000000e+00  2.42000000e+02 
 1.80000000e+00  6.60759479e-01  1.00000000e+00  2.43000000e+02 
 1.80000000e+00  6.39284111e-01  1.00000000e+00  2.44000000e+02 
 1.80000000e+00  6.03492530e-01  1.00000000e+00  2.45000000e+02 
 1.80000000e+00  6.25246148e-01  1.00000000e+00  2.46000000e+02 
 1.80000000e+00  6.29499697e-01  1.00000000e+00  2.47000000e+02 
 1.80000000e+00  6.74229899e-01  1.00000000e+00  2.48000000e+02 
 1.80000000e+00  6.28851645e-01  1.00000000e+00  2.49000000e+02 
 1.80000000e+00  6.60109674e-01  1.00000000e+00  2.50000000e+02 
 1.80000000e+00  6.57797806e-01  1.00000000e+00  2.51000000e+02 
 1.80000000e+00  6.42749228e-01  1.00000000e+00  2.52000000e+02 
 1.80000000e+00  6.33275132e-01  1.00000000e+00  2.53000000e+02 
 1.80000000e+00  6.57941535e-01  1.00000000e+00  2.54000000e+02 
 1.80000000e+00  6.35351632e-01  1.00000000e+00  2.55000000e+02 
 1.80000000e+00  6.39611950e-01  1.00000000e+00  2.56000000e+02 
 1.80000000e+00 -9.97807823e+03  1.00000000e+00  2.57000000e+02 
 1.80000000e+00  6.28711368e-01  1.00000000e+00  2.58000000e+02 
 1.80000000e+00  6.52668105e-01  1.00000000e+00  2.59000000e+02 
 1.80000000e+00  6.79939410e-01  1.00000000e+00  2.60000000e+02 
 1.80000000e+00  6.63345028e-01  1.00000000e+00  2.61000000e+02 
 1.80000000e+00  6.52441227e-01  1.00000000e+00  2.62000000e+02 
 1.80000000e+00  6.94591536e-01  1.00000000e+00  2.63000000e+02 
 1.80000000e+00  3.59167041e-06  1.00000000e+00  2.64000000e+02 
 1.80000000e+00  6.78020574e-01  1.00000000e+00  2.65000000e+02 
 1.80000000e+00  6.40450685e-01  1.00000000e+00  2.66000000e+02 
 1.80000000e+00  6.36580103e-01  1.00000000e+00  2.67000000e+02 
 1.80000000e+00  6.71523142e-01  1.00000000e+00  2.68000000e+02 
 1.80000000e+00  6.59438038e-01  1.00000000e+00  2.69000000e+02 
 1.80000000e+00  6.06822336e-01  1.00000000e+00  2.70000000e+02 
 1.80000000e+00  6.31215052e-01  1.00000000e+00  2.71000000e+02 
 1.80000000e+00  6.37045329e-01  1.00000000e+00  2.72000000e+02 
 1.80000000e+00  6.42321509e-01  1.00000000e+00  2.73000000e+02 
 1.80000000e+00  6.64422322e-01  1.00000000e+00  2.74000000e+02 
 1.80000000e+00  6.46991693e-01  1.00000000e+00  2.75000000e+02 
 1.80000000e+00  6.22182705e-01  1.00000000e+00  2.76000000e+02 
 1.80000000e+00  6.81044313e-01  1.00000000e+00  2.77000000e+02 
 1.80000000e+00  6.43180037e-01  1.00000000e+00  2.78000000e+02 
 1.80000000e+00  6.55564075e-01  1.00000000e+00  2.79000000e+02 
 1.80000000e+00  6.78798810e-01  1.00000000e+00  2.80000000e+02 
 1.80000000e+00  6.35725339e-01  1.00000000e+00  2.81000000e+02 
 1.80000000e+00  6.32626204e-01  1.00000000e+00  2.82000000e+02 
 1.80000000e+00  6.87628771e-01  1.00000000e+00  2.83000000e+02 
 1.80000000e+00  3.04951602e-06  1.00000000e+00  2.84000000e+02 
 1.80000000e+00  6.58846500e-01  1.00000000e+00  2.85000000e+02 
 1.80000000e+00  6.19628763e-01  1.00000000e+00  2.86000000e+02 
 1.80000000e+00  6.17655696e-01  1.00000000e+00  2.87000000e+02 
 1.80000000e+00  6.18756940e-01  1.00000000e+00  2.88000000e+02 
 1.80000000e+00  6.32036178e-01  1.00000000e+00  2.89000000e+02 
 1.80000000e+00  6.71977327e-01  1.00000000e+00  2.90000000e+02 
 1.80000000e+00  6.79207879e-01  1.00000000e+00  2.91000000e+02 
 1.80000000e+00  6.53605520e-01  1.00000000e+00  2.92000000e+02 
 1.80000000e+00  6.63269066e-01  1.00000000e+00  2.93000000e+02 
 1.80000000e+00  6.48410539e-01  1.00000000e+00  2.94000000e+02 
 1.80000000e+00  6.43435316e-01  1.00000000e+00  2.95000000e+02 
 1.80000000e+00  6.66369367e-01  1.00000000e+00  2.96000000e+02 
 1.80000000e+00  6.75213807e-01  1.00000000e+00  2.97000000e+02 
 1.80000000e+00  6.19788196e-01  1.00000000e+00  2.98000000e+02 
 1.80000000e+00  7.13273910e-01  1.00000000e+00  2.99000000e+02 
 1.80000000e+00  6.57123760e-01  1.00000000e+00  3.00000000e+02 
 1.80000000e+00  6.11236203e-01  1.00000000e+00  3.01000000e+02 
 1.80000000e+00  1.60068120e+00  1.00000000e+00  3.02000000e+02 
 1.80000000e+00  6.51282936e-01  1.00000000e+00  3.03000000e+02 
 1.80000000e+00  6.34371168e-01  1.00000000e+00  3.04000000e+02 
 1.80000000e+00  6.45162310e-01  1.00000000e+00  3.05000000e+02 
 1.80000000e+00  6.70022886e-01  1.00000000e+00  3.06000000e+02 
 1.80000000e+00  1.59765026e+00  1.00000000e+00  3.07000000e+02 
 1.80000000e+00  6.72168671e-01  1.00000000e+00  3.08000000e+02 
 1.80000000e+00  6.51517045e-01  1.00000000e+00  3.09000000e+02 
 1.80000000e+00  1.59644751e+00  1.00000000e+00  3.10000000e+02 
 1.80000000e+00  6.62978086e-01  1.00000000e+00  3.11000000e+02 
 1.80000000e+00  6.44242388e-01  1.00000000e+00  3.12000000e+02 
 1.80000000e+00  6.41185230e-01  1.00000000e+00  3.13000000e+02 
 1.80000000e+00  6.62093443e-01  1.00000000e+00  3.14000000e+02 
 1.80000000e+00  6.48248804e-01  1.00000000e+00  3.15000000e+02 
 1.80000000e+00  6.38205269e-01  1.00000000e+00  3.16000000e+02 
 1.80000000e+00  6.47493114e-01  1.00000000e+00  3.17000000e+02 
 1.80000000e+00  6.09503095e-01  1.00000000e+00  3.18000000e+02 
 1.80000000e+00  6.30419972e-01  1.00000000e+00  3.19000000e+02 
 1.80000000e+00 -9.62526737e+03  1.00000000e+00  3.20000000e+02 
 1.80000000e+00  6.30173778e-01  1.00000000e+00  3.21000000e+02 
 1.80000000e+00  6.66867673e-01  1.00000000e+00  3.22000000e+02 
 1.80000000e+00  6.56344281e-01  1.00000000e+00  3.23000000e+02 
 1.80000000e+00  6.27134474e-01  1.00000000e+00  3.24000000e+02 
 1.80000000e+00  6.72498246e-01  1.00000000e+00  3.25000000e+02 
 1.80000000e+00  6.46714220e-01  1.00000000e+00  3.26000000e+02 
 1.80000000e+00  6.40249087e-01  1.00000000e+00  3.27000000e+02 
 1.80000000e+00  6.75832317e-01  1.00000000e+00  3.28000000e+02 
 1.80000000e+00  6.61300433e-01  1.00000000e+00  3.29000000e+02 
 1.80000000e+00  6.33390160e-01  1.00000000e+00  3.30000000e+02 
 1.80000000e+00  6.81014222e-01  1.00000000e+00  3.31000000e+02 
 1.80000000e+00  6.04125746e-01  1.00000000e+00  3.32000000e+02 
 1.80000000e+00  6.61815173e-01  1.00000000e+00  3.33000000e+02 
 1.80000000e+00  6.50423352e-01  1.00000000e+00  3.34000000e+02 
 1.80000000e+00  6.14504202e-01  1.00000000e+00  3.35000000e+02 
 1.80000000e+00  6.63059554e-01  1.00000000e+00  3.36000000e+02 
 1.80000000e+00  6.37349275e-01  1.00000000e+00  3.37000000e+02 
 1.80000000e+00  6.22458800e-01  1.00000000e+00  3.38000000e+02 
 1.80000000e+00  6.59108653e-01  1.00000000e+00  3.39000000e+02 
 1.80000000e+00  6.70227355e-01  1.00000000e+00  3.40000000e+02 
 1.80000000e+00  6.60164930e-01  1.00000000e+00  3.41000000e+02 
 1.80000000e+00  6.54298755e-01  1.00000000e+00  3.42000000e+02 
 1.80000000e+00  6.64181280e-01  1.00000000e+00  3.43000000e+02 
 1.80000000e+00  6.35531130e-01  1.00000000e+00  3.44000000e+02 
 1.80000000e+00  6.32193036e-01  1.00000000e+00  3.45000000e+02 
 1.80000000e+00  6.36325765e-01  1.00000000e+00  3.46000000e+02 
 1.80000000e+00  3.61469308e-02  1.00000000e+00  3.47000000e+02 
 1.80000000e+00  6.71799454e-01  1.00000000e+00  3.48000000e+02 
 1.80000000e+00  1.74374797e+00  1.00000000e+00  3.49000000e+02 
 1.80000000e+00  6.73499447e-01  1.00000000e+00  3.50000000e+02 
 1.80000000e+00  6.48341933e-01  1.00000000e+00  3.51000000e+02 
 1.80000000e+00  6.24239728e-01  1.00000000e+00  3.52000000e+02 
 1.80000000e+00  6.48927416e-01  1.00000000e+00  3.53000000e+02 
 1.80000000e+00  6.88554708e-01  1.00000000e+00  3.54000000e+02 
 1.80000000e+00  6.72267085e-01  1.00000000e+00  3.55000000e+02 
 1.80000000e+00  6.26001634e-01  1.00000000e+00  3.56000000e+02 
 1.80000000e+00  6.49990670e-01  1.00000000e+00  3.57000000e+02 
 1.80000000e+00  6.66489371e-01  1.00000000e+00  3.58000000e+02 
 1.80000000e+00  6.52808379e-01  1.00000000e+00  3.59000000e+02 
 1.80000000e+00  6.20284574e-01  1.00000000e+00  3.60000000e+02 
 1.80000000e+00  6.85080125e-01  1.00000000e+00  3.61000000e+02 
 1.80000000e+00  6.46851275e-01  1.00000000e+00  3.62000000e+02 
 1.80000000e+00  6.52390282e-01  1.00000000e+00  3.63000000e+02 
 1.80000000e+00  6.78907118e-01  1.00000000e+00  3.64000000e+02 
 1.80000000e+00  6.84912193e-01  1.00000000e+00  3.65000000e+02 
 1.80000000e+00  6.49794105e-01  1.00000000e+00  3.66000000e+02 
 1.80000000e+00  6.59489180e-01  1.00000000e+00  3.67000000e+02 
 1.80000000e+00  6.54559504e-01  1.00000000e+00  3.68000000e+02 
 1.80000000e+00  6.23815736e-01  1.00000000e+00  3.69000000e+02 
 1.80000000e+00  6.18418259e-01  1.00000000e+00  3.70000000e+02 
 1.80000000e+00  6.78032165e-01  1.00000000e+00  3.71000000e+02 
 1.80000000e+00  6.56097854e-01  1.00000000e+00  3.72000000e+02 
 1.80000000e+00  6.53645344e-01  1.00000000e+00  3.73000000e+02 
 1.80000000e+00  6.55261834e-01  1.00000000e+00  3.74000000e+02 
 1.80000000e+00  6.77508612e-01  1.00000000e+00  3.75000000e+02 
 1.80000000e+00  6.30406235e-01  1.00000000e+00  3.76000000e+02 
 1.80000000e+00  6.37194112e-01  1.00000000e+00  3.77000000e+02 
 1.80000000e+00  6.41347202e-01  1.00000000e+00  3.78000000e+02 
 1.80000000e+00  6.60038872e-01  1.00000000e+00  3.79000000e+02 
 1.80000000e+00  6.79497337e-01  1.00000000e+00  3.80000000e+02 
 1.80000000e+00  7.15757771e-01  1.00000000e+00  3.81000000e+02 
 1.80000000e+00  6.61105776e-01  1.00000000e+00  3.82000000e+02 
 1.80000000e+00  6.71434275e-01  1.00000000e+00  3.83000000e+02 
 1.80000000e+00  6.68496741e-01  1.00000000e+00  3.84000000e+02 
 1.80000000e+00  6.69946453e-01  1.00000000e+00  3.85000000e+02 
 1.80000000e+00  6.32018475e-01  1.00000000e+00  3.86000000e+02 
 1.80000000e+00  6.67460522e-01  1.00000000e+00  3.87000000e+02 
 1.80000000e+00  6.50227119e-01  1.00000000e+00  3.88000000e+02 
 1.80000000e+00  6.48844760e-01  1.00000000e+00  3.89000000e+02 
 1.80000000e+00  6.43615652e-01  1.00000000e+00  3.90000000e+02 
 1.80000000e+00  6.69148870e-01  1.00000000e+00  3.91000000e+02 
 1.80000000e+00  6.58195775e-01  1.00000000e+00  3.92000000e+02 
 1.80000000e+00  6.78153773e-01  1.00000000e+00  3.93000000e+02 
 1.80000000e+00  6.59251700e-01  1.00000000e+00  3.94000000e+02 
 1.80000000e+00  6.46798086e-01  1.00000000e+00  3.95000000e+02 
 1.80000000e+00  6.45963430e-01  1.00000000e+00  3.96000000e+02 
 1.80000000e+00  6.99210835e-01  1.00000000e+00  3.97000000e+02 
 1.80000000e+00  6.47445634e-01  1.00000000e+00  3.98000000e+02 
 1.80000000e+00  6.55159408e-01  1.00000000e+00  3.99000000e+02 
 1.80000000e+00  6.60517808e-01  1.00000000e+00  4.00000000e+02 
 1.80000000e+00  6.53010194e-01  1.00000000e+00  4.01000000e+02 
 1.80000000e+00  6.69084621e-01  1.00000000e+00  4.02000000e+02 
 1.80000000e+00  6.61536291e-01  1.00000000e+00  4.03000000e+02 
 1.80000000e+00  2.96511088e-06  1.00000000e+00  4.04000000e+02 
 1.80000000e+00  6.61267333e-01  1.00000000e+00  4.05000000e+02 
 1.80000000e+00  6.79820853e-01  1.00000000e+00  4.06000000e+02 
 1.80000000e+00  6.34196230e-01  1.00000000e+00  4.07000000e+02 
 1.80000000e+00  6.35485080e-01  1.00000000e+00  4.08000000e+02 
 1.80000000e+00  6.58696778e-01  1.00000000e+00  4.09000000e+02 
 1.80000000e+00  6.38467445e-01  1.00000000e+00  4.10000000e+02 
 1.80000000e+00  6.79283272e-01  1.00000000e+00  4.11000000e+02 
 1.80000000e+00  6.69579857e-01  1.00000000e+00  4.12000000e+02 
 1.80000000e+00  2.56638883e-06  1.00000000e+00  4.13000000e+02 
 1.80000000e+00  6.36663927e-01  1.00000000e+00  4.14000000e+02 
 1.80000000e+00  3.12359501e-06  1.00000000e+00  4.15000000e+02 
 1.80000000e+00  6.21822822e-01  1.00000000e+00  4.16000000e+02 
 1.80000000e+00  6.48417671e-01  1.00000000e+00  4.17000000e+02 
 1.80000000e+00  6.77664349e-01  1.00000000e+00  4.18000000e+02 
 1.80000000e+00  6.21103261e-01  1.00000000e+00  4.19000000e+02 
 1.80000000e+00  2.18480928e-01  1.00000000e+00  4.20000000e+02 
 1.80000000e+00  6.45893975e-01  1.00000000e+00  4.21000000e+02 
 1.80000000e+00  6.09250410e-01  1.00000000e+00  4.22000000e+02 
 1.80000000e+00  6.24259097e-01  1.00000000e+00  4.23000000e+02 
 1.80000000e+00  6.43744614e-01  1.00000000e+00  4.24000000e+02 
 1.80000000e+00  6.75310887e-01  1.00000000e+00  4.25000000e+02 
 1.80000000e+00  6.56355910e-01  1.00000000e+00  4.26000000e+02 
 1.80000000e+00  6.72840688e-01  1.00000000e+00  4.27000000e+02 
 1.80000000e+00  6.52309332e-01  1.00000000e+00  4.28000000e+02 
 1.80000000e+00  6.33512123e-01  1.00000000e+00  4.29000000e+02 
 1.80000000e+00  6.37437357e-01  1.00000000e+00  4.30000000e+02 
 1.80000000e+00  6.64520051e-01  1.00000000e+00  4.31000000e+02 
 1.80000000e+00  6.47398769e-01  1.00000000e+00  4.32000000e+02 
 1.80000000e+00  6.41266706e-01  1.00000000e+00  4.33000000e+02 
 1.80000000e+00  6.48282497e-01  1.00000000e+00  4.34000000e+02 
 1.80000000e+00  6.79516388e-01  1.00000000e+00  4.35000000e+02 
 1.80000000e+00  6.31371105e-01  1.00000000e+00  4.36000000e+02 
 1.80000000e+00  6.48342738e-01  1.00000000e+00  4.37000000e+02 
 1.80000000e+00  6.22705112e-01  1.00000000e+00  4.38000000e+02 
 1.80000000e+00  3.21067044e-06  1.00000000e+00  4.39000000e+02 
 1.80000000e+00  6.83413608e-01  1.00000000e+00  4.40000000e+02 
 1.80000000e+00  6.46229453e-01  1.00000000e+00  4.41000000e+02 
 1.80000000e+00  6.74822487e-01  1.00000000e+00  4.42000000e+02 
 1.80000000e+00  6.69609181e-01  1.00000000e+00  4.43000000e+02 
 1.80000000e+00  6.61538333e-01  1.00000000e+00  4.44000000e+02 
 1.80000000e+00  6.50787188e-01  1.00000000e+00  4.45000000e+02 
 1.80000000e+00  6.48129223e-01  1.00000000e+00  4.46000000e+02 
 1.80000000e+00  6.32601518e-01  1.00000000e+00  4.47000000e+02 
 1.80000000e+00  6.26560350e-01  1.00000000e+00  4.48000000e+02 
 1.80000000e+00  7.00526811e-01  1.00000000e+00  4.49000000e+02 
 1.80000000e+00  6.49413044e-01  1.00000000e+00  4.50000000e+02 
 1.80000000e+00  6.44832684e-01  1.00000000e+00  4.51000000e+02 
 1.80000000e+00  6.84523505e-01  1.00000000e+00  4.52000000e+02 
 1.80000000e+00  6.52421966e-01  1.00000000e+00  4.53000000e+02 
 1.80000000e+00  6.50314508e-01  1.00000000e+00  4.54000000e+02 
 1.80000000e+00  6.75958796e-01  1.00000000e+00  4.55000000e+02 
 1.80000000e+00  6.42961951e-01  1.00000000e+00  4.56000000e+02 
 1.80000000e+00  6.34502877e-01  1.00000000e+00  4.57000000e+02 
 1.80000000e+00  1.74385598e+00  1.00000000e+00  4.58000000e+02 
 1.80000000e+00  6.44209895e-01  1.00000000e+00  4.59000000e+02 
 1.80000000e+00  6.13712070e-01  1.00000000e+00  4.60000000e+02 
 1.80000000e+00  6.48217197e-01  1.00000000e+00  4.61000000e+02 
 1.80000000e+00  6.13146413e-01  1.00000000e+00  4.62000000e+02 
 1.80000000e+00  6.88043920e-01  1.00000000e+00  4.63000000e+02 
 1.80000000e+00  6.46133626e-01  1.00000000e+00  4.64000000e+02 
 1.80000000e+00  6.85295698e-01  1.00000000e+00  4.65000000e+02 
 1.80000000e+00  6.19822829e-01  1.00000000e+00  4.66000000e+02 
 1.80000000e+00  1.60011642e+00  1.00000000e+00  4.67000000e+02 
 1.80000000e+00  6.28713213e-01  1.00000000e+00  4.68000000e+02 
 1.80000000e+00  6.24606905e-01  1.00000000e+00  4.69000000e+02 
 1.80000000e+00  6.56336510e-01  1.00000000e+00  4.70000000e+02 
 1.80000000e+00  6.62173967e-01  1.00000000e+00  4.71000000e+02 
 1.80000000e+00  5.89348580e-01  1.00000000e+00  4.72000000e+02 
 1.80000000e+00  6.48862712e-01  1.00000000e+00  4.73000000e+02 
 1.80000000e+00  6.40643834e-01  1.00000000e+00  4.74000000e+02 
 1.80000000e+00  6.35803741e-01  1.00000000e+00  4.75000000e+02 
 1.80000000e+00  6.59963731e-01  1.00000000e+00  4.76000000e+02 
 1.80000000e+00  6.87263212e-01  1.00000000e+00  4.77000000e+02 
 1.80000000e+00  6.35701236e-01  1.00000000e+00  4.78000000e+02 
 1.80000000e+00  6.57274010e-01  1.00000000e+00  4.79000000e+02 
 1.80000000e+00  6.61700537e-01  1.00000000e+00  4.80000000e+02 
 1.80000000e+00  6.46712588e-01  1.00000000e+00  4.81000000e+02 
 1.80000000e+00  6.67031683e-01  1.00000000e+00  4.82000000e+02 
 1.80000000e+00  6.45094325e-01  1.00000000e+00  4.83000000e+02 
 1.80000000e+00  6.74478141e-01  1.00000000e+00  4.84000000e+02 
 1.80000000e+00  6.99749940e-01  1.00000000e+00  4.85000000e+02 
 1.80000000e+00  6.45244671e-01  1.00000000e+00  4.86000000e+02 
 1.80000000e+00  6.61380156e-01  1.00000000e+00  4.87000000e+02 
 1.80000000e+00  6.75104740e-01  1.00000000e+00  4.88000000e+02 
 1.80000000e+00  6.39976478e-01  1.00000000e+00  4.89000000e+02 
 1.80000000e+00  6.50885868e-01  1.00000000e+00  4.90000000e+02 
 1.80000000e+00  6.01534443e-01  1.00000000e+00  4.91000000e+02 
 1.80000000e+00  6.43315160e-01  1.00000000e+00  4.92000000e+02 
 1.80000000e+00  6.54144892e-01  1.00000000e+00  4.93000000e+02 
 1.80000000e+00  6.38754509e-01  1.00000000e+00  4.94000000e+02 
 1.80000000e+00  6.63369506e-01  1.00000000e+00  4.95000000e+02 
 1.80000000e+00  6.53614876e-01  1.00000000e+00  4.96000000e+02 
 1.80000000e+00  6.22084115e-01  1.00000000e+00  4.97000000e+02 
 1.80000000e+00  6.61448329e-01  1.00000000e+00  4.98000000e+02 
 1.80000000e+00  6.40851860e-01  1.00000000e+00  4.99000000e+02 
 1.80000000e+00  6.42120586e-01  1.00000000e+00  5.00000000e+02 
 1.80000000e+00  6.40991963e-01  1.00000000e+00  5.01000000e+02 
 1.80000000e+00  6.51742744e-01  1.00000000e+00  5.02000000e+02 
 1.80000000e+00  6.45790896e-01  1.00000000e+00  5.03000000e+02 
 1.80000000e+00  7.01981955e-01  1.00000000e+00  5.04000000e+02 
 1.80000000e+00  6.57941560e-01  1.00000000e+00  5.05000000e+02 
 1.80000000e+00  6.33356648e-01  1.00000000e+00  5.06000000e+02 
 1.80000000e+00  6.60301230e-01  1.00000000e+00  5.07000000e+02 
 1.80000000e+00  6.53705168e-01  1.00000000e+00  5.08000000e+02 
 1.80000000e+00  6.28181748e-01  1.00000000e+00  5.09000000e+02 
 1.80000000e+00  6.17360657e-01  1.00000000e+00  5.10000000e+02 
 1.80000000e+00  6.47353696e-01  1.00000000e+00  5.11000000e+02 
 1.80000000e+00  6.54382456e-01  1.00000000e+00  5.12000000e+02 
 1.80000000e+00  6.12535730e-01  1.00000000e+00  5.13000000e+02 
 1.80000000e+00  6.57821323e-01  1.00000000e+00  5.14000000e+02 
 1.80000000e+00  3.21539328e-06  1.00000000e+00  5.15000000e+02 
 1.80000000e+00  6.50156286e-01  1.00000000e+00  5.16000000e+02 
 1.80000000e+00  6.35800608e-01  1.00000000e+00  5.17000000e+02 
 1.80000000e+00  6.23013204e-01  1.00000000e+00  5.18000000e+02 
 1.80000000e+00  6.31080783e-01  1.00000000e+00  5.19000000e+02 
 1.80000000e+00  6.91405467e-01  1.00000000e+00  5.20000000e+02 
 1.80000000e+00  6.48809800e-01  1.00000000e+00  5.21000000e+02 
 1.80000000e+00  6.33952968e-01  1.00000000e+00  5.22000000e+02 
 1.80000000e+00  6.57916820e-01  1.00000000e+00  5.23000000e+02 
 1.80000000e+00  6.49042784e-01  1.00000000e+00  5.24000000e+02 
 1.80000000e+00  1.59555767e+00  1.00000000e+00  5.25000000e+02 
 1.80000000e+00  6.42785966e-01  1.00000000e+00  5.26000000e+02 
 1.80000000e+00  6.32947269e-01  1.00000000e+00  5.27000000e+02 
 1.80000000e+00  6.58110474e-01  1.00000000e+00  5.28000000e+02 
 1.80000000e+00  6.53257230e-01  1.00000000e+00  5.29000000e+02 
 1.80000000e+00  6.52578720e-01  1.00000000e+00  5.30000000e+02 
 1.80000000e+00  6.85312209e-01  1.00000000e+00  5.31000000e+02 
 1.80000000e+00  6.75660633e-01  1.00000000e+00  5.32000000e+02 
 1.80000000e+00  6.65220289e-01  1.00000000e+00  5.33000000e+02 
 1.80000000e+00  6.48660916e-01  1.00000000e+00  5.34000000e+02 
 1.80000000e+00  6.40502124e-01  1.00000000e+00  5.35000000e+02 
 1.80000000e+00  6.49817683e-01  1.00000000e+00  5.36000000e+02 
 1.80000000e+00  6.22161071e-01  1.00000000e+00  5.37000000e+02 
 1.80000000e+00  6.59062047e-01  1.00000000e+00  5.38000000e+02 
 1.80000000e+00  6.58917142e-01  1.00000000e+00  5.39000000e+02 
 1.80000000e+00  6.56930947e-01  1.00000000e+00  5.40000000e+02 
 1.80000000e+00  6.86506692e-01  1.00000000e+00  5.41000000e+02 
 1.80000000e+00  6.79962902e-01  1.00000000e+00  5.42000000e+02 
 1.80000000e+00  3.64858811e-06  1.00000000e+00  5.43000000e+02 
 1.80000000e+00  6.64159656e-01  1.00000000e+00  5.44000000e+02 
 1.80000000e+00  6.33043238e-01  1.00000000e+00  5.45000000e+02 
 1.80000000e+00  6.51186922e-01  1.00000000e+00  5.46000000e+02 
 1.80000000e+00  6.51259146e-01  1.00000000e+00  5.47000000e+02 
 1.80000000e+00  6.34195496e-01  1.00000000e+00  5.48000000e+02 
 1.80000000e+00  6.45993448e-01  1.00000000e+00  5.49000000e+02 
 1.80000000e+00  6.66081329e-01  1.00000000e+00  5.50000000e+02 
 1.80000000e+00  6.67671588e-01  1.00000000e+00  5.51000000e+02 
 1.80000000e+00  6.21372184e-01  1.00000000e+00  5.52000000e+02 
 1.80000000e+00  7.05474485e-01  1.00000000e+00  5.53000000e+02 
 1.80000000e+00  6.62788127e-01  1.00000000e+00  5.54000000e+02 
 1.80000000e+00  6.39269186e-01  1.00000000e+00  5.55000000e+02 
 1.80000000e+00  6.55604724e-01  1.00000000e+00  5.56000000e+02 
 1.80000000e+00  6.30746278e-01  1.00000000e+00  5.57000000e+02 
 1.80000000e+00  6.25204034e-01  1.00000000e+00  5.58000000e+02 
 1.80000000e+00  6.65721892e-01  1.00000000e+00  5.59000000e+02 
 1.80000000e+00  3.50721829e-06  1.00000000e+00  5.60000000e+02 
 1.80000000e+00  6.66282042e-01  1.00000000e+00  5.61000000e+02 
 1.80000000e+00  6.74388324e-01  1.00000000e+00  5.62000000e+02 
 1.80000000e+00  1.65071515e+00  1.00000000e+00  5.63000000e+02 
 1.80000000e+00  6.19907455e-01  1.00000000e+00  5.64000000e+02 
 1.80000000e+00  6.36586060e-01  1.00000000e+00  5.65000000e+02 
 1.80000000e+00  6.72418098e-01  1.00000000e+00  5.66000000e+02 
 1.80000000e+00  6.18681817e-01  1.00000000e+00  5.67000000e+02 
 1.80000000e+00  6.54527183e-01  1.00000000e+00  5.68000000e+02 
 1.80000000e+00  6.37111758e-01  1.00000000e+00  5.69000000e+02 
 1.80000000e+00  6.43893158e-01  1.00000000e+00  5.70000000e+02 
 1.80000000e+00  6.26001062e-01  1.00000000e+00  5.71000000e+02 
 1.80000000e+00  7.10874871e-01  1.00000000e+00  5.72000000e+02 
 1.80000000e+00  6.57976430e-01  1.00000000e+00  5.73000000e+02 
 1.80000000e+00  6.43386423e-01  1.00000000e+00  5.74000000e+02 
 1.80000000e+00  3.21003797e-06  1.00000000e+00  5.75000000e+02 
 1.80000000e+00  6.31611768e-01  1.00000000e+00  5.76000000e+02 
 1.80000000e+00  6.49673806e-01  1.00000000e+00  5.77000000e+02 
 1.80000000e+00  3.42249242e-06  1.00000000e+00  5.78000000e+02 
 1.80000000e+00  6.63112053e-01  1.00000000e+00  5.79000000e+02 
 1.80000000e+00  6.11919445e-01  1.00000000e+00  5.80000000e+02 
 1.80000000e+00  6.40518290e-01  1.00000000e+00  5.81000000e+02 
 1.80000000e+00  6.45397790e-01  1.00000000e+00  5.82000000e+02 
 1.80000000e+00  6.37740488e-01  1.00000000e+00  5.83000000e+02 
 1.80000000e+00  6.30383202e-01  1.00000000e+00  5.84000000e+02 
 1.80000000e+00  6.24837884e-01  1.00000000e+00  5.85000000e+02 
 1.80000000e+00  6.57777064e-01  1.00000000e+00  5.86000000e+02 
 1.80000000e+00  6.35760036e-01  1.00000000e+00  5.87000000e+02 
 1.80000000e+00  6.58236265e-01  1.00000000e+00  5.88000000e+02 
 1.80000000e+00  6.35511400e-01  1.00000000e+00  5.89000000e+02 
 1.80000000e+00  6.61881043e-01  1.00000000e+00  5.90000000e+02 
 1.80000000e+00  6.64999811e-01  1.00000000e+00  5.91000000e+02 
 1.80000000e+00  6.16959242e-01  1.00000000e+00  5.92000000e+02 
 1.80000000e+00  6.30294333e-01  1.00000000e+00  5.93000000e+02 
 1.80000000e+00  7.18832827e-01  1.00000000e+00  5.94000000e+02 
 1.80000000e+00  6.82336997e-01  1.00000000e+00  5.95000000e+02 
 1.80000000e+00  6.48960291e-01  1.00000000e+00  5.96000000e+02 
 1.80000000e+00  6.83341739e-01  1.00000000e+00  5.97000000e+02 
 1.80000000e+00  6.26017197e-01  1.00000000e+00  5.98000000e+02 
 1.80000000e+00  6.52967869e-01  1.00000000e+00  5.99000000e+02 
 1.80000000e+00  5.19878280e-02  1.00000000e+00  6.00000000e+02 
 1.80000000e+00  6.52351099e-01  1.00000000e+00  6.01000000e+02 
 1.80000000e+00  6.44403697e-01  1.00000000e+00  6.02000000e+02 
 1.80000000e+00 -9.85562194e+03  1.00000000e+00  6.03000000e+02 
 1.80000000e+00  6.48033193e-01  1.00000000e+00  6.04000000e+02 
 1.80000000e+00  6.16630310e-01  1.00000000e+00  6.05000000e+02 
 1.80000000e+00  6.72458695e-01  1.00000000e+00  6.06000000e+02 
 1.80000000e+00  6.54411351e-01  1.00000000e+00  6.07000000e+02 
 1.80000000e+00  6.68723163e-01  1.00000000e+00  6.08000000e+02 
 1.80000000e+00  6.84199490e-01  1.00000000e+00  6.09000000e+02 
 1.80000000e+00  1.68862568e+00  1.00000000e+00  6.10000000e+02 
 1.80000000e+00  2.63272141e-06  1.00000000e+00  6.11000000e+02 
 1.80000000e+00  6.60720734e-01  1.00000000e+00  6.12000000e+02 
 1.80000000e+00  6.44946330e-01  1.00000000e+00  6.13000000e+02 
 1.80000000e+00  6.40532115e-01  1.00000000e+00  6.14000000e+02 
 1.80000000e+00  6.48325030e-01  1.00000000e+00  6.15000000e+02 
 1.80000000e+00  6.34499565e-01  1.00000000e+00  6.16000000e+02 
 1.80000000e+00  5.94706115e-01  1.00000000e+00  6.17000000e+02 
 1.80000000e+00  6.44839948e-01  1.00000000e+00  6.18000000e+02 
 1.80000000e+00  6.89335154e-01  1.00000000e+00  6.19000000e+02 
 1.80000000e+00  6.34250453e-01  1.00000000e+00  6.20000000e+02 
 1.80000000e+00  6.72325691e-01  1.00000000e+00  6.21000000e+02 
 1.80000000e+00  6.81448854e-01  1.00000000e+00  6.22000000e+02 
 1.80000000e+00  6.68525307e-01  1.00000000e+00  6.23000000e+02 
 1.80000000e+00  6.63205752e-01  1.00000000e+00  6.24000000e+02 
 1.80000000e+00  6.35199704e-01  1.00000000e+00  6.25000000e+02 
 1.80000000e+00  6.77273898e-01  1.00000000e+00  6.26000000e+02 
 1.80000000e+00  6.69456605e-01  1.00000000e+00  6.27000000e+02 
 1.80000000e+00  6.57188260e-01  1.00000000e+00  6.28000000e+02 
 1.80000000e+00  6.30542412e-01  1.00000000e+00  6.29000000e+02 
 1.80000000e+00  6.71633875e-01  1.00000000e+00  6.30000000e+02 
 1.80000000e+00  6.49539674e-01  1.00000000e+00  6.31000000e+02 
 1.80000000e+00  6.49616223e-01  1.00000000e+00  6.32000000e+02 
 1.80000000e+00  6.43609849e-01  1.00000000e+00  6.33000000e+02 
 1.80000000e+00  6.57829707e-01  1.00000000e+00  6.34000000e+02 
 1.80000000e+00  6.41199897e-01  1.00000000e+00  6.35000000e+02 
 1.80000000e+00  6.37201248e-01  1.00000000e+00  6.36000000e+02 
 1.80000000e+00  6.62206458e-01  1.00000000e+00  6.37000000e+02 
 1.80000000e+00  6.53869755e-01  1.00000000e+00  6.38000000e+02 
 1.80000000e+00  6.42913934e-01  1.00000000e+00  6.39000000e+02 
 1.80000000e+00  6.61168713e-01  1.00000000e+00  6.40000000e+02 
 1.80000000e+00  6.03225770e-01  1.00000000e+00  6.41000000e+02 
 1.80000000e+00  6.58290848e-01  1.00000000e+00  6.42000000e+02 
 1.80000000e+00  6.35662401e-01  1.00000000e+00  6.43000000e+02 
 1.80000000e+00  6.71755864e-01  1.00000000e+00  6.44000000e+02 
 1.80000000e+00  6.78880979e-01  1.00000000e+00  6.45000000e+02 
 1.80000000e+00  6.57179138e-01  1.00000000e+00  6.46000000e+02 
 1.80000000e+00  6.46441044e-01  1.00000000e+00  6.47000000e+02 
 1.80000000e+00  6.42543269e-01  1.00000000e+00  6.48000000e+02 
 1.80000000e+00  6.16421703e-01  1.00000000e+00  6.49000000e+02 
 1.80000000e+00  6.70091706e-01  1.00000000e+00  6.50000000e+02 
 1.80000000e+00  6.59308783e-01  1.00000000e+00  6.51000000e+02 
 1.80000000e+00  6.37608941e-01  1.00000000e+00  6.52000000e+02 
 1.80000000e+00  6.47971417e-01  1.00000000e+00  6.53000000e+02 
 1.80000000e+00  6.41317647e-01  1.00000000e+00  6.54000000e+02 
 1.80000000e+00  6.74377858e-01  1.00000000e+00  6.55000000e+02 
 1.80000000e+00  6.55382844e-01  1.00000000e+00  6.56000000e+02 
 1.80000000e+00  6.72019699e-01  1.00000000e+00  6.57000000e+02 
 1.80000000e+00  6.86450337e-01  1.00000000e+00  6.58000000e+02 
 1.80000000e+00  6.85791641e-01  1.00000000e+00  6.59000000e+02 
 1.80000000e+00  6.78321540e-01  1.00000000e+00  6.60000000e+02 
 1.80000000e+00  6.28899396e-01  1.00000000e+00  6.61000000e+02 
 1.80000000e+00  6.83286991e-01  1.00000000e+00  6.62000000e+02 
 1.80000000e+00  6.33516901e-01  1.00000000e+00  6.63000000e+02 
 1.80000000e+00  6.54404540e-01  1.00000000e+00  6.64000000e+02 
 1.80000000e+00  6.72351144e-01  1.00000000e+00  6.65000000e+02 
 1.80000000e+00  6.49392591e-01  1.00000000e+00  6.66000000e+02 
 1.80000000e+00  6.84502510e-01  1.00000000e+00  6.67000000e+02 
 1.80000000e+00  6.70453646e-01  1.00000000e+00  6.68000000e+02 
 1.80000000e+00  6.31270720e-01  1.00000000e+00  6.69000000e+02 
 1.80000000e+00  6.62329060e-01  1.00000000e+00  6.70000000e+02 
 1.80000000e+00  6.71567531e-01  1.00000000e+00  6.71000000e+02 
 1.80000000e+00  6.05101589e-01  1.00000000e+00  6.72000000e+02 
 1.80000000e+00  6.75223082e-01  1.00000000e+00  6.73000000e+02 
 1.80000000e+00  6.65362415e-01  1.00000000e+00  6.74000000e+02 
 1.80000000e+00  6.63383649e-01  1.00000000e+00  6.75000000e+02 
 1.80000000e+00  6.58732494e-01  1.00000000e+00  6.76000000e+02 
 1.80000000e+00  6.39038575e-01  1.00000000e+00  6.77000000e+02 
 1.80000000e+00  6.51118351e-01  1.00000000e+00  6.78000000e+02 
 1.80000000e+00  6.55705400e-01  1.00000000e+00  6.79000000e+02 
 1.80000000e+00  6.38249235e-01  1.00000000e+00  6.80000000e+02 
 1.80000000e+00  6.56686138e-01  1.00000000e+00  6.81000000e+02 
 1.80000000e+00  6.88792235e-01  1.00000000e+00  6.82000000e+02 
 1.80000000e+00  6.52402170e-01  1.00000000e+00  6.83000000e+02 
 1.80000000e+00  6.71717025e-01  1.00000000e+00  6.84000000e+02 
 1.80000000e+00  6.78010200e-01  1.00000000e+00  6.85000000e+02 
 1.80000000e+00  6.82741620e-01  1.00000000e+00  6.86000000e+02 
 1.80000000e+00  6.66943730e-01  1.00000000e+00  6.87000000e+02 
 1.80000000e+00  6.57196427e-01  1.00000000e+00  6.88000000e+02 
 1.80000000e+00  6.47141461e-01  1.00000000e+00  6.89000000e+02 
 1.80000000e+00  6.83361994e-01  1.00000000e+00  6.90000000e+02 
 1.80000000e+00  6.43630517e-01  1.00000000e+00  6.91000000e+02 
 1.80000000e+00  6.69522936e-01  1.00000000e+00  6.92000000e+02 
 1.80000000e+00  6.10964453e-01  1.00000000e+00  6.93000000e+02 
 1.80000000e+00  2.33066806e-01  1.00000000e+00  6.94000000e+02 
 1.80000000e+00  6.64997142e-01  1.00000000e+00  6.95000000e+02 
 1.80000000e+00  6.55615075e-01  1.00000000e+00  6.96000000e+02 
 1.80000000e+00  2.30518400e-01  1.00000000e+00  6.97000000e+02 
 1.80000000e+00  6.53791882e-01  1.00000000e+00  6.98000000e+02 
 1.80000000e+00  6.44521998e-01  1.00000000e+00  6.99000000e+02 
 1.80000000e+00  6.31475631e-01  1.00000000e+00  7.00000000e+02 
 1.80000000e+00  6.80170578e-01  1.00000000e+00  7.01000000e+02 
 1.80000000e+00  6.67649718e-01  1.00000000e+00  7.02000000e+02 
 1.80000000e+00  6.45034752e-01  1.00000000e+00  7.03000000e+02 
 1.80000000e+00  6.40789020e-01  1.00000000e+00  7.04000000e+02 
 1.80000000e+00  6.35299566e-01  1.00000000e+00  7.05000000e+02 
 1.80000000e+00  6.93893968e-01  1.00000000e+00  7.06000000e+02 
 1.80000000e+00  6.48223863e-01  1.00000000e+00  7.07000000e+02 
 1.80000000e+00  6.68693393e-01  1.00000000e+00  7.08000000e+02 
 1.80000000e+00  6.52317319e-01  1.00000000e+00  7.09000000e+02 
 1.80000000e+00  6.33808588e-01  1.00000000e+00  7.10000000e+02 
 1.80000000e+00  6.58912484e-01  1.00000000e+00  7.11000000e+02 
 1.80000000e+00  6.72735301e-01  1.00000000e+00  7.12000000e+02 
 1.80000000e+00  6.73213878e-01  1.00000000e+00  7.13000000e+02 
 1.80000000e+00  6.68634324e-01  1.00000000e+00  7.14000000e+02 
 1.80000000e+00  6.80641781e-01  1.00000000e+00  7.15000000e+02 
 1.80000000e+00  6.44904175e-01  1.00000000e+00  7.16000000e+02 
 1.80000000e+00  6.40127069e-01  1.00000000e+00  7.17000000e+02 
 1.80000000e+00  6.63088334e-01  1.00000000e+00  7.18000000e+02 
 1.80000000e+00  6.53736897e-01  1.00000000e+00  7.19000000e+02 
 1.80000000e+00  6.43046656e-01  1.00000000e+00  7.20000000e+02 
 1.80000000e+00  6.49618818e-01  1.00000000e+00  7.21000000e+02 
 1.80000000e+00  6.21601526e-01  1.00000000e+00  7.22000000e+02 
 1.80000000e+00  2.93863602e-06  1.00000000e+00  7.23000000e+02 
 1.80000000e+00  6.24778756e-01  1.00000000e+00  7.24000000e+02 
 1.80000000e+00  6.61274165e-01  1.00000000e+00  7.25000000e+02 
 1.80000000e+00  6.06107416e-01  1.00000000e+00  7.26000000e+02 
 1.80000000e+00  6.73911274e-01  1.00000000e+00  7.27000000e+02 
 1.80000000e+00  6.68591661e-01  1.00000000e+00  7.28000000e+02 
 1.80000000e+00  6.63878576e-01  1.00000000e+00  7.29000000e+02 
 1.80000000e+00  6.02081845e-01  1.00000000e+00  7.30000000e+02 
 1.80000000e+00  6.22496259e-01  1.00000000e+00  7.31000000e+02 
 1.80000000e+00  6.40289283e-01  1.00000000e+00  7.32000000e+02 
 1.80000000e+00  6.39877405e-01  1.00000000e+00  7.33000000e+02 
 1.80000000e+00  6.73881390e-01  1.00000000e+00  7.34000000e+02 
 1.80000000e+00  6.78606915e-01  1.00000000e+00  7.35000000e+02 
 1.80000000e+00  6.15427974e-01  1.00000000e+00  7.36000000e+02 
 1.80000000e+00  6.46060969e-01  1.00000000e+00  7.37000000e+02 
 1.80000000e+00  6.42677143e-01  1.00000000e+00  7.38000000e+02 
 1.80000000e+00  6.49126940e-01  1.00000000e+00  7.39000000e+02 
 1.80000000e+00  6.77392648e-01  1.00000000e+00  7.40000000e+02 
 1.80000000e+00  6.95308150e-01  1.00000000e+00  7.41000000e+02 
 1.80000000e+00  6.56202256e-01  1.00000000e+00  7.42000000e+02 
 1.80000000e+00  6.68558467e-01  1.00000000e+00  7.43000000e+02 
 1.80000000e+00  6.59453931e-01  1.00000000e+00  7.44000000e+02 
 1.80000000e+00  6.68550475e-01  1.00000000e+00  7.45000000e+02 
 1.80000000e+00  6.94415790e-01  1.00000000e+00  7.46000000e+02 
 1.80000000e+00  6.57667201e-01  1.00000000e+00  7.47000000e+02 
 1.80000000e+00  6.61286675e-01  1.00000000e+00  7.48000000e+02 
 1.80000000e+00  6.11858241e-01  1.00000000e+00  7.49000000e+02 
 1.80000000e+00  6.44836964e-01  1.00000000e+00  7.50000000e+02 
 1.80000000e+00  6.41623616e-01  1.00000000e+00  7.51000000e+02 
 1.80000000e+00  6.64878810e-01  1.00000000e+00  7.52000000e+02 
 1.80000000e+00  6.68343944e-01  1.00000000e+00  7.53000000e+02 
 1.80000000e+00  6.60755888e-01  1.00000000e+00  7.54000000e+02 
 1.80000000e+00  6.52956494e-01  1.00000000e+00  7.55000000e+02 
 1.80000000e+00  3.31205441e-06  1.00000000e+00  7.56000000e+02 
 1.80000000e+00  6.21708486e-01  1.00000000e+00  7.57000000e+02 
 1.80000000e+00  6.47011926e-01  1.00000000e+00  7.58000000e+02 
 1.80000000e+00  6.39670712e-01  1.00000000e+00  7.59000000e+02 
 1.80000000e+00  6.69832239e-01  1.00000000e+00  7.60000000e+02 
 1.80000000e+00  6.70408727e-01  1.00000000e+00  7.61000000e+02 
 1.80000000e+00  6.31488844e-01  1.00000000e+00  7.62000000e+02 
 1.80000000e+00  6.53486253e-01  1.00000000e+00  7.63000000e+02 
 1.80000000e+00  6.39373424e-01  1.00000000e+00  7.64000000e+02 
 1.80000000e+00  6.62732925e-01  1.00000000e+00  7.65000000e+02 
 1.80000000e+00  6.58906018e-01  1.00000000e+00  7.66000000e+02 
 1.80000000e+00  6.65793674e-01  1.00000000e+00  7.67000000e+02 
 1.80000000e+00  6.91010142e-01  1.00000000e+00  7.68000000e+02 
 1.80000000e+00  6.34986404e-01  1.00000000e+00  7.69000000e+02 
 1.80000000e+00  6.69026250e-01  1.00000000e+00  7.70000000e+02 
 1.80000000e+00  3.01580735e-06  1.00000000e+00  7.71000000e+02 
 1.80000000e+00  6.61443636e-01  1.00000000e+00  7.72000000e+02 
 1.80000000e+00  6.57606872e-01  1.00000000e+00  7.73000000e+02 
 1.80000000e+00  6.49963310e-01  1.00000000e+00  7.74000000e+02 
 1.80000000e+00  6.96736418e-01  1.00000000e+00  7.75000000e+02 
 1.80000000e+00  6.63754525e-01  1.00000000e+00  7.76000000e+02 
 1.80000000e+00  6.47240027e-01  1.00000000e+00  7.77000000e+02 
 1.80000000e+00  6.57717037e-01  1.00000000e+00  7.78000000e+02 
 1.80000000e+00  6.15210975e-01  1.00000000e+00  7.79000000e+02 
 1.80000000e+00  6.18302800e-01  1.00000000e+00  7.80000000e+02 
 1.80000000e+00  6.45739675e-01  1.00000000e+00  7.81000000e+02 
 1.80000000e+00  6.59831221e-01  1.00000000e+00  7.82000000e+02 
 1.80000000e+00  2.26894862e-01  1.00000000e+00  7.83000000e+02 
 1.80000000e+00  6.37193750e-01  1.00000000e+00  7.84000000e+02 
 1.80000000e+00  6.37129036e-01  1.00000000e+00  7.85000000e+02 
 1.80000000e+00  6.64810728e-01  1.00000000e+00  7.86000000e+02 
 1.80000000e+00  6.16989039e-01  1.00000000e+00  7.87000000e+02 
 1.80000000e+00  1.59415958e+00  1.00000000e+00  7.88000000e+02 
 1.80000000e+00  6.72944661e-01  1.00000000e+00  7.89000000e+02 
 1.80000000e+00  6.23130208e-01  1.00000000e+00  7.90000000e+02 
 1.80000000e+00  6.28473112e-01  1.00000000e+00  7.91000000e+02 
 1.80000000e+00  6.13080787e-01  1.00000000e+00  7.92000000e+02 
 1.80000000e+00  6.61675066e-01  1.00000000e+00  7.93000000e+02 
 1.80000000e+00  6.38644669e-01  1.00000000e+00  7.94000000e+02 
 1.80000000e+00  6.83216432e-01  1.00000000e+00  7.95000000e+02 
 1.80000000e+00  6.48306497e-01  1.00000000e+00  7.96000000e+02 
 1.80000000e+00  6.59509811e-01  1.00000000e+00  7.97000000e+02 
 1.80000000e+00  6.65452276e-01  1.00000000e+00  7.98000000e+02 
 1.80000000e+00  6.49550067e-01  1.00000000e+00  7.99000000e+02 
 1.80000000e+00  6.31735232e-01  1.00000000e+00  8.00000000e+02 
 1.80000000e+00  6.56727739e-01  1.00000000e+00  8.01000000e+02 
 1.80000000e+00  6.34015896e-01  1.00000000e+00  8.02000000e+02 
 1.80000000e+00  6.33107684e-01  1.00000000e+00  8.03000000e+02 
 1.80000000e+00  6.42678546e-01  1.00000000e+00  8.04000000e+02 
 1.80000000e+00  6.54750564e-01  1.00000000e+00  8.05000000e+02 
 1.80000000e+00  6.55683417e-01  1.00000000e+00  8.06000000e+02 
 1.80000000e+00  6.57241539e-01  1.00000000e+00  8.07000000e+02 
 1.80000000e+00  6.42560257e-01  1.00000000e+00  8.08000000e+02 
 1.80000000e+00  6.64944344e-01  1.00000000e+00  8.09000000e+02 
 1.80000000e+00  1.66940776e+00  1.00000000e+00  8.10000000e+02 
 1.80000000e+00  6.20916994e-01  1.00000000e+00  8.11000000e+02 
 1.80000000e+00  6.59219364e-01  1.00000000e+00  8.12000000e+02 
 1.80000000e+00  6.56385945e-01  1.00000000e+00  8.13000000e+02 
 1.80000000e+00  6.70388516e-01  1.00000000e+00  8.14000000e+02 
 1.80000000e+00  6.14248536e-01  1.00000000e+00  8.15000000e+02 
 1.80000000e+00  6.43290775e-01  1.00000000e+00  8.16000000e+02 
 1.80000000e+00  6.23871099e-01  1.00000000e+00  8.17000000e+02 
 1.80000000e+00  6.93774174e-01  1.00000000e+00  8.18000000e+02 
 1.80000000e+00  6.87983929e-01  1.00000000e+00  8.19000000e+02 
 1.80000000e+00  6.45433524e-01  1.00000000e+00  8.20000000e+02 
 1.80000000e+00  3.42220877e-06  1.00000000e+00  8.21000000e+02 
 1.80000000e+00  6.60117056e-01  1.00000000e+00  8.22000000e+02 
 1.80000000e+00  6.46485579e-01  1.00000000e+00  8.23000000e+02 
 1.80000000e+00  2.99564306e-06  1.00000000e+00  8.24000000e+02 
 1.80000000e+00  6.78016922e-01  1.00000000e+00  8.25000000e+02 
 1.80000000e+00  6.55886302e-01  1.00000000e+00  8.26000000e+02 
 1.80000000e+00  6.51622345e-01  1.00000000e+00  8.27000000e+02 
 1.80000000e+00  1.31084397e-01  1.00000000e+00  8.28000000e+02 
 1.80000000e+00  6.24204151e-01  1.00000000e+00  8.29000000e+02 
 1.80000000e+00  6.63541450e-01  1.00000000e+00  8.30000000e+02 
 1.80000000e+00 -9.70180133e+03  1.00000000e+00  8.31000000e+02 
 1.80000000e+00  6.93716216e-01  1.00000000e+00  8.32000000e+02 
 1.80000000e+00  6.89494431e-01  1.00000000e+00  8.33000000e+02 
 1.80000000e+00  6.42287662e-01  1.00000000e+00  8.34000000e+02 
 1.80000000e+00  6.50644167e-01  1.00000000e+00  8.35000000e+02 
 1.80000000e+00  6.68884891e-01  1.00000000e+00  8.36000000e+02 
 1.80000000e+00  6.54191608e-01  1.00000000e+00  8.37000000e+02 
 1.80000000e+00  6.31199118e-01  1.00000000e+00  8.38000000e+02 
 1.80000000e+00  6.38743545e-01  1.00000000e+00  8.39000000e+02 
 1.80000000e+00  6.64901820e-01  1.00000000e+00  8.40000000e+02 
 1.80000000e+00  6.24987944e-01  1.00000000e+00  8.41000000e+02 
 1.80000000e+00  6.97187296e-01  1.00000000e+00  8.42000000e+02 
 1.80000000e+00  6.76094095e-01  1.00000000e+00  8.43000000e+02 
 1.80000000e+00  6.51314074e-01  1.00000000e+00  8.44000000e+02 
 1.80000000e+00  6.59583486e-01  1.00000000e+00  8.45000000e+02 
 1.80000000e+00  1.59625094e+00  1.00000000e+00  8.46000000e+02 
 1.80000000e+00  6.44487739e-01  1.00000000e+00  8.47000000e+02 
 1.80000000e+00  6.74702083e-01  1.00000000e+00  8.48000000e+02 
 1.80000000e+00  6.61047444e-01  1.00000000e+00  8.49000000e+02 
 1.80000000e+00  6.31560221e-01  1.00000000e+00  8.50000000e+02 
 1.80000000e+00  6.58899890e-01  1.00000000e+00  8.51000000e+02 
 1.80000000e+00  6.38419984e-01  1.00000000e+00  8.52000000e+02 
 1.80000000e+00  6.62685227e-01  1.00000000e+00  8.53000000e+02 
 1.80000000e+00  6.47708910e-01  1.00000000e+00  8.54000000e+02 
 1.80000000e+00  6.56413975e-01  1.00000000e+00  8.55000000e+02 
 1.80000000e+00  6.83574928e-01  1.00000000e+00  8.56000000e+02 
 1.80000000e+00  6.49927959e-01  1.00000000e+00  8.57000000e+02 
 1.80000000e+00  6.42113467e-01  1.00000000e+00  8.58000000e+02 
 1.80000000e+00  6.24283961e-01  1.00000000e+00  8.59000000e+02 
 1.80000000e+00  6.50074429e-01  1.00000000e+00  8.60000000e+02 
 1.80000000e+00  6.27734270e-01  1.00000000e+00  8.61000000e+02 
 1.80000000e+00 -9.64453385e+03  1.00000000e+00  8.62000000e+02 
 1.80000000e+00  6.77479819e-01  1.00000000e+00  8.63000000e+02 
 1.80000000e+00  6.50030290e-01  1.00000000e+00  8.64000000e+02 
 1.80000000e+00  6.68950611e-01  1.00000000e+00  8.65000000e+02 
 1.80000000e+00  6.30214618e-01  1.00000000e+00  8.66000000e+02 
 1.80000000e+00  6.20666584e-01  1.00000000e+00  8.67000000e+02 
 1.80000000e+00  6.11071909e-01  1.00000000e+00  8.68000000e+02 
 1.80000000e+00  6.49641404e-01  1.00000000e+00  8.69000000e+02 
 1.80000000e+00  6.32960948e-01  1.00000000e+00  8.70000000e+02 
 1.80000000e+00  6.35886499e-01  1.00000000e+00  8.71000000e+02 
 1.80000000e+00  6.55786975e-01  1.00000000e+00  8.72000000e+02 
 1.80000000e+00 -9.64567446e+03  1.00000000e+00  8.73000000e+02 
 1.80000000e+00  6.66034089e-01  1.00000000e+00  8.74000000e+02 
 1.80000000e+00  6.39727002e-01  1.00000000e+00  8.75000000e+02 
 1.80000000e+00  6.66220194e-01  1.00000000e+00  8.76000000e+02 
 1.80000000e+00  6.71677994e-01  1.00000000e+00  8.77000000e+02 
 1.80000000e+00  6.58984755e-01  1.00000000e+00  8.78000000e+02 
 1.80000000e+00  6.47944902e-01  1.00000000e+00  8.79000000e+02 
 1.80000000e+00  6.81039256e-01  1.00000000e+00  8.80000000e+02 
 1.80000000e+00  6.93762068e-01  1.00000000e+00  8.81000000e+02 
 1.80000000e+00  6.30802740e-01  1.00000000e+00  8.82000000e+02 
 1.80000000e+00  6.07743677e-01  1.00000000e+00  8.83000000e+02 
 1.80000000e+00  6.55468592e-01  1.00000000e+00  8.84000000e+02 
 1.80000000e+00  6.83026175e-01  1.00000000e+00  8.85000000e+02 
 1.80000000e+00  6.68475989e-01  1.00000000e+00  8.86000000e+02 
 1.80000000e+00  6.73060320e-01  1.00000000e+00  8.87000000e+02 
 1.80000000e+00  6.63690628e-01  1.00000000e+00  8.88000000e+02 
 1.80000000e+00  6.90601323e-01  1.00000000e+00  8.89000000e+02 
 1.80000000e+00  6.44460916e-01  1.00000000e+00  8.90000000e+02 
 1.80000000e+00  6.43030927e-01  1.00000000e+00  8.91000000e+02 
 1.80000000e+00  6.65893214e-01  1.00000000e+00  8.92000000e+02 
 1.80000000e+00  6.66086101e-01  1.00000000e+00  8.93000000e+02 
 1.80000000e+00  6.77670025e-01  1.00000000e+00  8.94000000e+02 
 1.80000000e+00  7.04908358e-01  1.00000000e+00  8.95000000e+02 
 1.80000000e+00  6.45293190e-01  1.00000000e+00  8.96000000e+02 
 1.80000000e+00  6.22634942e-01  1.00000000e+00  8.97000000e+02 
 1.80000000e+00  6.45762676e-01  1.00000000e+00  8.98000000e+02 
 1.80000000e+00  6.87922948e-01  1.00000000e+00  8.99000000e+02 
 1.80000000e+00  6.26917082e-01  1.00000000e+00  9.00000000e+02 
 1.80000000e+00  6.58008100e-01  1.00000000e+00  9.01000000e+02 
 1.80000000e+00  6.79616341e-01  1.00000000e+00  9.02000000e+02 
 1.80000000e+00  6.43599663e-01  1.00000000e+00  9.03000000e+02 
 1.80000000e+00  6.66308017e-01  1.00000000e+00  9.04000000e+02 
 1.80000000e+00  6.49831197e-01  1.00000000e+00  9.05000000e+02 
 1.80000000e+00  6.99545174e-01  1.00000000e+00  9.06000000e+02 
 1.80000000e+00  6.69680477e-01  1.00000000e+00  9.07000000e+02 
 1.80000000e+00  6.60551447e-01  1.00000000e+00  9.08000000e+02 
 1.80000000e+00  6.18052073e-01  1.00000000e+00  9.09000000e+02 
 1.80000000e+00  6.47028720e-01  1.00000000e+00  9.10000000e+02 
 1.80000000e+00  6.20389852e-01  1.00000000e+00  9.11000000e+02 
 1.80000000e+00  6.60962645e-01  1.00000000e+00  9.12000000e+02 
 1.80000000e+00  6.51498010e-01  1.00000000e+00  9.13000000e+02 
 1.80000000e+00  6.41714569e-01  1.00000000e+00  9.14000000e+02 
 1.80000000e+00  6.39956458e-01  1.00000000e+00  9.15000000e+02 
 1.80000000e+00  6.55133548e-01  1.00000000e+00  9.16000000e+02 
 1.80000000e+00  6.06570957e-01  1.00000000e+00  9.17000000e+02 
 1.80000000e+00  6.26883765e-01  1.00000000e+00  9.18000000e+02 
 1.80000000e+00  6.87827602e-01  1.00000000e+00  9.19000000e+02 
 1.80000000e+00  6.61501223e-01  1.00000000e+00  9.20000000e+02 
 1.80000000e+00  6.30848899e-01  1.00000000e+00  9.21000000e+02 
 1.80000000e+00  6.24145451e-01  1.00000000e+00  9.22000000e+02 
 1.80000000e+00  6.69334451e-01  1.00000000e+00  9.23000000e+02 
 1.80000000e+00  6.78938444e-01  1.00000000e+00  9.24000000e+02 
 1.80000000e+00  6.59268274e-01  1.00000000e+00  9.25000000e+02 
 1.80000000e+00  6.59789989e-01  1.00000000e+00  9.26000000e+02 
 1.80000000e+00  6.83784640e-01  1.00000000e+00  9.27000000e+02 
 1.80000000e+00  6.56063743e-01  1.00000000e+00  9.28000000e+02 
 1.80000000e+00  6.32145197e-01  1.00000000e+00  9.29000000e+02 
 1.80000000e+00  6.36234064e-01  1.00000000e+00  9.30000000e+02 
 1.80000000e+00  1.59976848e+00  1.00000000e+00  9.31000000e+02 
 1.80000000e+00  6.70453796e-01  1.00000000e+00  9.32000000e+02 
 1.80000000e+00  6.25449569e-01  1.00000000e+00  9.33000000e+02 
 1.80000000e+00  6.74283077e-01  1.00000000e+00  9.34000000e+02 
 1.80000000e+00  6.48586262e-01  1.00000000e+00  9.35000000e+02 
 1.80000000e+00  6.42410406e-01  1.00000000e+00  9.36000000e+02 
 1.80000000e+00  6.29451550e-01  1.00000000e+00  9.37000000e+02 
 1.80000000e+00  6.41124634e-01  1.00000000e+00  9.38000000e+02 
 1.80000000e+00  6.48762896e-01  1.00000000e+00  9.39000000e+02 
 1.80000000e+00  6.13737755e-01  1.00000000e+00  9.40000000e+02 
 1.80000000e+00  6.35261551e-01  1.00000000e+00  9.41000000e+02 
 1.80000000e+00  6.59489062e-01  1.00000000e+00  9.42000000e+02 
 1.80000000e+00  6.51611729e-01  1.00000000e+00  9.43000000e+02 
 1.80000000e+00  6.38837293e-01  1.00000000e+00  9.44000000e+02 
 1.80000000e+00  1.67604919e+00  1.00000000e+00  9.45000000e+02 
 1.80000000e+00  6.89271487e-01  1.00000000e+00  9.46000000e+02 
 1.80000000e+00  6.40996182e-01  1.00000000e+00  9.47000000e+02 
 1.80000000e+00  6.64413770e-01  1.00000000e+00  9.48000000e+02 
 1.80000000e+00  3.76381784e-06  1.00000000e+00  9.49000000e+02 
 1.80000000e+00  6.19207969e-01  1.00000000e+00  9.50000000e+02 
 1.80000000e+00  1.59715841e+00  1.00000000e+00  9.51000000e+02 
 1.80000000e+00  6.55723014e-01  1.00000000e+00  9.52000000e+02 
 1.80000000e+00  6.47293650e-01  1.00000000e+00  9.53000000e+02 
 1.80000000e+00  6.80824577e-01  1.00000000e+00  9.54000000e+02 
 1.80000000e+00  6.67050821e-01  1.00000000e+00  9.55000000e+02 
 1.80000000e+00  6.58628114e-01  1.00000000e+00  9.56000000e+02 
 1.80000000e+00  6.69482414e-01  1.00000000e+00  9.57000000e+02 
 1.80000000e+00  6.55016911e-01  1.00000000e+00  9.58000000e+02 
 1.80000000e+00  6.35407408e-01  1.00000000e+00  9.59000000e+02 
 1.80000000e+00  6.29617968e-01  1.00000000e+00  9.60000000e+02 
 1.80000000e+00  6.35597518e-01  1.00000000e+00  9.61000000e+02 
 1.80000000e+00  6.50201827e-01  1.00000000e+00  9.62000000e+02 
 1.80000000e+00  6.62104000e-01  1.00000000e+00  9.63000000e+02 
 1.80000000e+00  6.32717930e-01  1.00000000e+00  9.64000000e+02 
 1.80000000e+00  6.68371488e-01  1.00000000e+00  9.65000000e+02 
 1.80000000e+00  6.42887129e-01  1.00000000e+00  9.66000000e+02 
 1.80000000e+00  6.65438352e-01  1.00000000e+00  9.67000000e+02 
 1.80000000e+00  6.62313446e-01  1.00000000e+00  9.68000000e+02 
 1.80000000e+00  6.41876677e-01  1.00000000e+00  9.69000000e+02 
 1.80000000e+00  6.65811074e-01  1.00000000e+00  9.70000000e+02 
 1.80000000e+00  6.60833822e-01  1.00000000e+00  9.71000000e+02 
 1.80000000e+00  6.31457564e-01  1.00000000e+00  9.72000000e+02 
 1.80000000e+00  6.58497562e-01  1.00000000e+00  9.73000000e+02 
 1.80000000e+00  6.10303103e-01  1.00000000e+00  9.74000000e+02 
 1.80000000e+00  6.44798393e-01  1.00000000e+00  9.75000000e+02 
 1.80000000e+00  1.59708808e+00  1.00000000e+00  9.76000000e+02 
 1.80000000e+00  6.64725286e-01  1.00000000e+00  9.77000000e+02 
 1.80000000e+00  5.95063377e-02  1.00000000e+00  9.78000000e+02 
 1.80000000e+00  6.47125930e-01  1.00000000e+00  9.79000000e+02 
 1.80000000e+00  6.44001749e-01  1.00000000e+00  9.80000000e+02 
 1.80000000e+00  6.76648891e-01  1.00000000e+00  9.81000000e+02 
 1.80000000e+00  6.63147757e-01  1.00000000e+00  9.82000000e+02 
 1.80000000e+00  6.32460793e-01  1.00000000e+00  9.83000000e+02 
 1.80000000e+00  6.88496401e-01  1.00000000e+00  9.84000000e+02 
 1.80000000e+00  6.35346980e-01  1.00000000e+00  9.85000000e+02 
 1.80000000e+00  6.02774348e-01  1.00000000e+00  9.86000000e+02 
 1.80000000e+00  6.52455097e-01  1.00000000e+00  9.87000000e+02 
 1.80000000e+00  6.60940368e-01  1.00000000e+00  9.88000000e+02 
 1.80000000e+00  6.68504287e-01  1.00000000e+00  9.89000000e+02 
 1.80000000e+00  6.64254052e-01  1.00000000e+00  9.90000000e+02 
 1.80000000e+00  6.64066862e-01  1.00000000e+00  9.91000000e+02 
 1.80000000e+00  6.67107208e-01  1.00000000e+00  9.92000000e+02 
 1.80000000e+00  6.36247367e-01  1.00000000e+00  9.93000000e+02 
 1.80000000e+00  6.26561658e-01  1.00000000e+00  9.94000000e+02 
 1.80000000e+00  6.88147198e-01  1.00000000e+00  9.95000000e+02 
 1.80000000e+00  6.56163799e-01  1.00000000e+00  9.96000000e+02 
 1.80000000e+00  6.96434062e-01  1.00000000e+00  9.97000000e+02 
 1.80000000e+00  6.34463121e-01  1.00000000e+00  9.98000000e+02 
 1.80000000e+00  6.64395821e-01  1.00000000e+00  9.99000000e+02 
